run_id,rank,rank_count,device,device_name,gfx_arch,path,family,candidate,M,N,K,q,slice_bytes,warmup,window_mult,dush_quiet,iteration_index,t_issue_us,t_release_first_us,t_release_last_us,t_done_us,gemm_first_start_us,gemm_last_end_us,gemm_interval_us,e2e_us,gemm_tflops,correctness,max_abs_error,max_rel_error,mismatch_count,status
PHASEB_formal_comm_C2_RING_SIMPLE_CH8_N2048_q4_rep4,3,4,3,"NVIDIA A800-SXM4-80GB",sm_89,COMM_ONLY,NCCL,C2_RING_SIMPLE_CH8,2048,2048,2048,4,4194304,20,1,0,0,0,196.768,696.832,700.192,0.000,0.000,0.000,703.552,0.000,PASS,0.000,0.000,0,0
PHASEB_formal_comm_C2_RING_SIMPLE_CH8_N2048_q4_rep4,3,4,3,"NVIDIA A800-SXM4-80GB",sm_89,COMM_ONLY,NCCL,C2_RING_SIMPLE_CH8,2048,2048,2048,4,4194304,20,1,0,1,0,192.288,689.376,692.736,0.000,0.000,0.000,696.384,0.000,PASS,0.000,0.000,0,0
PHASEB_formal_comm_C2_RING_SIMPLE_CH8_N2048_q4_rep4,3,4,3,"NVIDIA A800-SXM4-80GB",sm_89,COMM_ONLY,NCCL,C2_RING_SIMPLE_CH8,2048,2048,2048,4,4194304,20,1,0,2,0,210.848,706.464,709.888,0.000,0.000,0.000,713.312,0.000,PASS,0.000,0.000,0,0
PHASEB_formal_comm_C2_RING_SIMPLE_CH8_N2048_q4_rep4,3,4,3,"NVIDIA A800-SXM4-80GB",sm_89,COMM_ONLY,NCCL,C2_RING_SIMPLE_CH8,2048,2048,2048,4,4194304,20,1,0,3,0,196.000,696.448,699.872,0.000,0.000,0.000,703.328,0.000,PASS,0.000,0.000,0,0
PHASEB_formal_comm_C2_RING_SIMPLE_CH8_N2048_q4_rep4,3,4,3,"NVIDIA A800-SXM4-80GB",sm_89,COMM_ONLY,NCCL,C2_RING_SIMPLE_CH8,2048,2048,2048,4,4194304,20,1,0,4,0,195.680,697.728,701.120,0.000,0.000,0.000,704.512,0.000,PASS,0.000,0.000,0,0
PHASEB_formal_comm_C2_RING_SIMPLE_CH8_N2048_q4_rep4,3,4,3,"NVIDIA A800-SXM4-80GB",sm_89,COMM_ONLY,NCCL,C2_RING_SIMPLE_CH8,2048,2048,2048,4,4194304,20,1,0,5,0,196.672,696.896,700.352,0.000,0.000,0.000,703.744,0.000,PASS,0.000,0.000,0,0
PHASEB_formal_comm_C2_RING_SIMPLE_CH8_N2048_q4_rep4,3,4,3,"NVIDIA A800-SXM4-80GB",sm_89,COMM_ONLY,NCCL,C2_RING_SIMPLE_CH8,2048,2048,2048,4,4194304,20,1,0,6,0,196.672,700.000,703.456,0.000,0.000,0.000,706.880,0.000,PASS,0.000,0.000,0,0
PHASEB_formal_comm_C2_RING_SIMPLE_CH8_N2048_q4_rep4,3,4,3,"NVIDIA A800-SXM4-80GB",sm_89,COMM_ONLY,NCCL,C2_RING_SIMPLE_CH8,2048,2048,2048,4,4194304,20,1,0,7,0,195.584,696.288,699.744,0.000,0.000,0.000,703.168,0.000,PASS,0.000,0.000,0,0
PHASEB_formal_comm_C2_RING_SIMPLE_CH8_N2048_q4_rep4,3,4,3,"NVIDIA A800-SXM4-80GB",sm_89,COMM_ONLY,NCCL,C2_RING_SIMPLE_CH8,2048,2048,2048,4,4194304,20,1,0,8,0,213.216,708.800,712.224,0.000,0.000,0.000,715.648,0.000,PASS,0.000,0.000,0,0
PHASEB_formal_comm_C2_RING_SIMPLE_CH8_N2048_q4_rep4,3,4,3,"NVIDIA A800-SXM4-80GB",sm_89,COMM_ONLY,NCCL,C2_RING_SIMPLE_CH8,2048,2048,2048,4,4194304,20,1,0,9,0,195.616,697.120,700.544,0.000,0.000,0.000,703.968,0.000,PASS,0.000,0.000,0,0
PHASEB_formal_comm_C2_RING_SIMPLE_CH8_N2048_q4_rep4,3,4,3,"NVIDIA A800-SXM4-80GB",sm_89,COMM_ONLY,NCCL,C2_RING_SIMPLE_CH8,2048,2048,2048,4,4194304,20,1,0,10,0,195.104,697.312,700.800,0.000,0.000,0.000,704.416,0.000,PASS,0.000,0.000,0,0
PHASEB_formal_comm_C2_RING_SIMPLE_CH8_N2048_q4_rep4,3,4,3,"NVIDIA A800-SXM4-80GB",sm_89,COMM_ONLY,NCCL,C2_RING_SIMPLE_CH8,2048,2048,2048,4,4194304,20,1,0,11,0,198.560,698.464,701.952,0.000,0.000,0.000,705.376,0.000,PASS,0.000,0.000,0,0
PHASEB_formal_comm_C2_RING_SIMPLE_CH8_N2048_q4_rep4,3,4,3,"NVIDIA A800-SXM4-80GB",sm_89,COMM_ONLY,NCCL,C2_RING_SIMPLE_CH8,2048,2048,2048,4,4194304,20,1,0,12,0,196.704,698.720,702.176,0.000,0.000,0.000,705.600,0.000,PASS,0.000,0.000,0,0
PHASEB_formal_comm_C2_RING_SIMPLE_CH8_N2048_q4_rep4,3,4,3,"NVIDIA A800-SXM4-80GB",sm_89,COMM_ONLY,NCCL,C2_RING_SIMPLE_CH8,2048,2048,2048,4,4194304,20,1,0,13,0,196.448,697.696,701.152,0.000,0.000,0.000,704.544,0.000,PASS,0.000,0.000,0,0
PHASEB_formal_comm_C2_RING_SIMPLE_CH8_N2048_q4_rep4,3,4,3,"NVIDIA A800-SXM4-80GB",sm_89,COMM_ONLY,NCCL,C2_RING_SIMPLE_CH8,2048,2048,2048,4,4194304,20,1,0,14,0,196.288,696.288,699.712,0.000,0.000,0.000,703.136,0.000,PASS,0.000,0.000,0,0
PHASEB_formal_comm_C2_RING_SIMPLE_CH8_N2048_q4_rep4,3,4,3,"NVIDIA A800-SXM4-80GB",sm_89,COMM_ONLY,NCCL,C2_RING_SIMPLE_CH8,2048,2048,2048,4,4194304,20,1,0,15,0,196.704,698.272,701.696,0.000,0.000,0.000,705.088,0.000,PASS,0.000,0.000,0,0
PHASEB_formal_comm_C2_RING_SIMPLE_CH8_N2048_q4_rep4,3,4,3,"NVIDIA A800-SXM4-80GB",sm_89,COMM_ONLY,NCCL,C2_RING_SIMPLE_CH8,2048,2048,2048,4,4194304,20,1,0,16,0,195.456,695.904,699.328,0.000,0.000,0.000,702.752,0.000,PASS,0.000,0.000,0,0
PHASEB_formal_comm_C2_RING_SIMPLE_CH8_N2048_q4_rep4,3,4,3,"NVIDIA A800-SXM4-80GB",sm_89,COMM_ONLY,NCCL,C2_RING_SIMPLE_CH8,2048,2048,2048,4,4194304,20,1,0,17,0,197.184,700.480,704.128,0.000,0.000,0.000,707.552,0.000,PASS,0.000,0.000,0,0
PHASEB_formal_comm_C2_RING_SIMPLE_CH8_N2048_q4_rep4,3,4,3,"NVIDIA A800-SXM4-80GB",sm_89,COMM_ONLY,NCCL,C2_RING_SIMPLE_CH8,2048,2048,2048,4,4194304,20,1,0,18,0,195.168,697.920,701.760,0.000,0.000,0.000,705.184,0.000,PASS,0.000,0.000,0,0
PHASEB_formal_comm_C2_RING_SIMPLE_CH8_N2048_q4_rep4,3,4,3,"NVIDIA A800-SXM4-80GB",sm_89,COMM_ONLY,NCCL,C2_RING_SIMPLE_CH8,2048,2048,2048,4,4194304,20,1,0,19,0,197.088,697.536,700.992,0.000,0.000,0.000,704.416,0.000,PASS,0.000,0.000,0,0
PHASEB_formal_comm_C2_RING_SIMPLE_CH8_N2048_q4_rep4,3,4,3,"NVIDIA A800-SXM4-80GB",sm_89,COMM_ONLY,NCCL,C2_RING_SIMPLE_CH8,2048,2048,2048,4,4194304,20,1,0,20,0,195.968,698.240,701.696,0.000,0.000,0.000,705.120,0.000,PASS,0.000,0.000,0,0
PHASEB_formal_comm_C2_RING_SIMPLE_CH8_N2048_q4_rep4,3,4,3,"NVIDIA A800-SXM4-80GB",sm_89,COMM_ONLY,NCCL,C2_RING_SIMPLE_CH8,2048,2048,2048,4,4194304,20,1,0,21,0,197.984,696.608,700.032,0.000,0.000,0.000,703.488,0.000,PASS,0.000,0.000,0,0
PHASEB_formal_comm_C2_RING_SIMPLE_CH8_N2048_q4_rep4,3,4,3,"NVIDIA A800-SXM4-80GB",sm_89,COMM_ONLY,NCCL,C2_RING_SIMPLE_CH8,2048,2048,2048,4,4194304,20,1,0,22,0,211.104,708.480,711.968,0.000,0.000,0.000,715.392,0.000,PASS,0.000,0.000,0,0
PHASEB_formal_comm_C2_RING_SIMPLE_CH8_N2048_q4_rep4,3,4,3,"NVIDIA A800-SXM4-80GB",sm_89,COMM_ONLY,NCCL,C2_RING_SIMPLE_CH8,2048,2048,2048,4,4194304,20,1,0,23,0,194.368,697.408,700.864,0.000,0.000,0.000,704.320,0.000,PASS,0.000,0.000,0,0
PHASEB_formal_comm_C2_RING_SIMPLE_CH8_N2048_q4_rep4,3,4,3,"NVIDIA A800-SXM4-80GB",sm_89,COMM_ONLY,NCCL,C2_RING_SIMPLE_CH8,2048,2048,2048,4,4194304,20,1,0,24,0,196.352,722.240,725.664,0.000,0.000,0.000,729.056,0.000,PASS,0.000,0.000,0,0
PHASEB_formal_comm_C2_RING_SIMPLE_CH8_N2048_q4_rep4,3,4,3,"NVIDIA A800-SXM4-80GB",sm_89,COMM_ONLY,NCCL,C2_RING_SIMPLE_CH8,2048,2048,2048,4,4194304,20,1,0,25,0,197.408,699.232,702.656,0.000,0.000,0.000,706.144,0.000,PASS,0.000,0.000,0,0
PHASEB_formal_comm_C2_RING_SIMPLE_CH8_N2048_q4_rep4,3,4,3,"NVIDIA A800-SXM4-80GB",sm_89,COMM_ONLY,NCCL,C2_RING_SIMPLE_CH8,2048,2048,2048,4,4194304,20,1,0,26,0,211.744,726.368,729.824,0.000,0.000,0.000,733.248,0.000,PASS,0.000,0.000,0,0
PHASEB_formal_comm_C2_RING_SIMPLE_CH8_N2048_q4_rep4,3,4,3,"NVIDIA A800-SXM4-80GB",sm_89,COMM_ONLY,NCCL,C2_RING_SIMPLE_CH8,2048,2048,2048,4,4194304,20,1,0,27,0,196.512,721.536,724.896,0.000,0.000,0.000,728.736,0.000,PASS,0.000,0.000,0,0
PHASEB_formal_comm_C2_RING_SIMPLE_CH8_N2048_q4_rep4,3,4,3,"NVIDIA A800-SXM4-80GB",sm_89,COMM_ONLY,NCCL,C2_RING_SIMPLE_CH8,2048,2048,2048,4,4194304,20,1,0,28,0,210.880,711.072,714.528,0.000,0.000,0.000,717.920,0.000,PASS,0.000,0.000,0,0
PHASEB_formal_comm_C2_RING_SIMPLE_CH8_N2048_q4_rep4,3,4,3,"NVIDIA A800-SXM4-80GB",sm_89,COMM_ONLY,NCCL,C2_RING_SIMPLE_CH8,2048,2048,2048,4,4194304,20,1,0,29,0,208.992,705.376,708.832,0.000,0.000,0.000,712.224,0.000,PASS,0.000,0.000,0,0
PHASEB_formal_comm_C2_RING_SIMPLE_CH8_N2048_q4_rep4,3,4,3,"NVIDIA A800-SXM4-80GB",sm_89,COMM_ONLY,NCCL,C2_RING_SIMPLE_CH8,2048,2048,2048,4,4194304,20,1,0,30,0,197.504,755.008,758.464,0.000,0.000,0.000,761.920,0.000,PASS,0.000,0.000,0,0
PHASEB_formal_comm_C2_RING_SIMPLE_CH8_N2048_q4_rep4,3,4,3,"NVIDIA A800-SXM4-80GB",sm_89,COMM_ONLY,NCCL,C2_RING_SIMPLE_CH8,2048,2048,2048,4,4194304,20,1,0,31,0,224.480,760.064,763.520,0.000,0.000,0.000,766.944,0.000,PASS,0.000,0.000,0,0
PHASEB_formal_comm_C2_RING_SIMPLE_CH8_N2048_q4_rep4,3,4,3,"NVIDIA A800-SXM4-80GB",sm_89,COMM_ONLY,NCCL,C2_RING_SIMPLE_CH8,2048,2048,2048,4,4194304,20,1,0,32,0,195.072,698.688,702.112,0.000,0.000,0.000,705.504,0.000,PASS,0.000,0.000,0,0
PHASEB_formal_comm_C2_RING_SIMPLE_CH8_N2048_q4_rep4,3,4,3,"NVIDIA A800-SXM4-80GB",sm_89,COMM_ONLY,NCCL,C2_RING_SIMPLE_CH8,2048,2048,2048,4,4194304,20,1,0,33,0,197.856,699.904,703.584,0.000,0.000,0.000,707.040,0.000,PASS,0.000,0.000,0,0
PHASEB_formal_comm_C2_RING_SIMPLE_CH8_N2048_q4_rep4,3,4,3,"NVIDIA A800-SXM4-80GB",sm_89,COMM_ONLY,NCCL,C2_RING_SIMPLE_CH8,2048,2048,2048,4,4194304,20,1,0,34,0,196.128,731.360,734.784,0.000,0.000,0.000,738.208,0.000,PASS,0.000,0.000,0,0
PHASEB_formal_comm_C2_RING_SIMPLE_CH8_N2048_q4_rep4,3,4,3,"NVIDIA A800-SXM4-80GB",sm_89,COMM_ONLY,NCCL,C2_RING_SIMPLE_CH8,2048,2048,2048,4,4194304,20,1,0,35,0,222.272,717.440,720.864,0.000,0.000,0.000,724.288,0.000,PASS,0.000,0.000,0,0
PHASEB_formal_comm_C2_RING_SIMPLE_CH8_N2048_q4_rep4,3,4,3,"NVIDIA A800-SXM4-80GB",sm_89,COMM_ONLY,NCCL,C2_RING_SIMPLE_CH8,2048,2048,2048,4,4194304,20,1,0,36,0,202.816,705.760,709.184,0.000,0.000,0.000,712.640,0.000,PASS,0.000,0.000,0,0
PHASEB_formal_comm_C2_RING_SIMPLE_CH8_N2048_q4_rep4,3,4,3,"NVIDIA A800-SXM4-80GB",sm_89,COMM_ONLY,NCCL,C2_RING_SIMPLE_CH8,2048,2048,2048,4,4194304,20,1,0,37,0,201.696,701.824,705.568,0.000,0.000,0.000,709.024,0.000,PASS,0.000,0.000,0,0
PHASEB_formal_comm_C2_RING_SIMPLE_CH8_N2048_q4_rep4,3,4,3,"NVIDIA A800-SXM4-80GB",sm_89,COMM_ONLY,NCCL,C2_RING_SIMPLE_CH8,2048,2048,2048,4,4194304,20,1,0,38,0,208.896,710.080,713.504,0.000,0.000,0.000,716.928,0.000,PASS,0.000,0.000,0,0
PHASEB_formal_comm_C2_RING_SIMPLE_CH8_N2048_q4_rep4,3,4,3,"NVIDIA A800-SXM4-80GB",sm_89,COMM_ONLY,NCCL,C2_RING_SIMPLE_CH8,2048,2048,2048,4,4194304,20,1,0,39,0,195.200,695.104,698.720,0.000,0.000,0.000,702.144,0.000,PASS,0.000,0.000,0,0
PHASEB_formal_comm_C2_RING_SIMPLE_CH8_N2048_q4_rep4,3,4,3,"NVIDIA A800-SXM4-80GB",sm_89,COMM_ONLY,NCCL,C2_RING_SIMPLE_CH8,2048,2048,2048,4,4194304,20,1,0,40,0,197.024,698.432,701.824,0.000,0.000,0.000,705.248,0.000,PASS,0.000,0.000,0,0
PHASEB_formal_comm_C2_RING_SIMPLE_CH8_N2048_q4_rep4,3,4,3,"NVIDIA A800-SXM4-80GB",sm_89,COMM_ONLY,NCCL,C2_RING_SIMPLE_CH8,2048,2048,2048,4,4194304,20,1,0,41,0,195.392,707.968,711.392,0.000,0.000,0.000,714.816,0.000,PASS,0.000,0.000,0,0
PHASEB_formal_comm_C2_RING_SIMPLE_CH8_N2048_q4_rep4,3,4,3,"NVIDIA A800-SXM4-80GB",sm_89,COMM_ONLY,NCCL,C2_RING_SIMPLE_CH8,2048,2048,2048,4,4194304,20,1,0,42,0,197.184,698.944,702.368,0.000,0.000,0.000,705.824,0.000,PASS,0.000,0.000,0,0
PHASEB_formal_comm_C2_RING_SIMPLE_CH8_N2048_q4_rep4,3,4,3,"NVIDIA A800-SXM4-80GB",sm_89,COMM_ONLY,NCCL,C2_RING_SIMPLE_CH8,2048,2048,2048,4,4194304,20,1,0,43,0,196.896,701.120,704.928,0.000,0.000,0.000,708.352,0.000,PASS,0.000,0.000,0,0
PHASEB_formal_comm_C2_RING_SIMPLE_CH8_N2048_q4_rep4,3,4,3,"NVIDIA A800-SXM4-80GB",sm_89,COMM_ONLY,NCCL,C2_RING_SIMPLE_CH8,2048,2048,2048,4,4194304,20,1,0,44,0,195.776,700.128,703.712,0.000,0.000,0.000,707.136,0.000,PASS,0.000,0.000,0,0
PHASEB_formal_comm_C2_RING_SIMPLE_CH8_N2048_q4_rep4,3,4,3,"NVIDIA A800-SXM4-80GB",sm_89,COMM_ONLY,NCCL,C2_RING_SIMPLE_CH8,2048,2048,2048,4,4194304,20,1,0,45,0,198.464,698.464,701.888,0.000,0.000,0.000,705.312,0.000,PASS,0.000,0.000,0,0
PHASEB_formal_comm_C2_RING_SIMPLE_CH8_N2048_q4_rep4,3,4,3,"NVIDIA A800-SXM4-80GB",sm_89,COMM_ONLY,NCCL,C2_RING_SIMPLE_CH8,2048,2048,2048,4,4194304,20,1,0,46,0,199.520,698.560,701.984,0.000,0.000,0.000,705.440,0.000,PASS,0.000,0.000,0,0
PHASEB_formal_comm_C2_RING_SIMPLE_CH8_N2048_q4_rep4,3,4,3,"NVIDIA A800-SXM4-80GB",sm_89,COMM_ONLY,NCCL,C2_RING_SIMPLE_CH8,2048,2048,2048,4,4194304,20,1,0,47,0,200.064,698.112,701.504,0.000,0.000,0.000,705.152,0.000,PASS,0.000,0.000,0,0
PHASEB_formal_comm_C2_RING_SIMPLE_CH8_N2048_q4_rep4,3,4,3,"NVIDIA A800-SXM4-80GB",sm_89,COMM_ONLY,NCCL,C2_RING_SIMPLE_CH8,2048,2048,2048,4,4194304,20,1,0,48,0,196.160,696.288,699.712,0.000,0.000,0.000,703.168,0.000,PASS,0.000,0.000,0,0
PHASEB_formal_comm_C2_RING_SIMPLE_CH8_N2048_q4_rep4,3,4,3,"NVIDIA A800-SXM4-80GB",sm_89,COMM_ONLY,NCCL,C2_RING_SIMPLE_CH8,2048,2048,2048,4,4194304,20,1,0,49,0,195.584,695.936,699.392,0.000,0.000,0.000,702.816,0.000,PASS,0.000,0.000,0,0
PHASEB_formal_comm_C2_RING_SIMPLE_CH8_N2048_q4_rep4,3,4,3,"NVIDIA A800-SXM4-80GB",sm_89,COMM_ONLY,NCCL,C2_RING_SIMPLE_CH8,2048,2048,2048,4,4194304,20,1,0,50,0,195.168,697.536,700.992,0.000,0.000,0.000,704.384,0.000,PASS,0.000,0.000,0,0
PHASEB_formal_comm_C2_RING_SIMPLE_CH8_N2048_q4_rep4,3,4,3,"NVIDIA A800-SXM4-80GB",sm_89,COMM_ONLY,NCCL,C2_RING_SIMPLE_CH8,2048,2048,2048,4,4194304,20,1,0,51,0,195.744,697.440,700.864,0.000,0.000,0.000,704.288,0.000,PASS,0.000,0.000,0,0
PHASEB_formal_comm_C2_RING_SIMPLE_CH8_N2048_q4_rep4,3,4,3,"NVIDIA A800-SXM4-80GB",sm_89,COMM_ONLY,NCCL,C2_RING_SIMPLE_CH8,2048,2048,2048,4,4194304,20,1,0,52,0,195.488,696.896,700.416,0.000,0.000,0.000,703.840,0.000,PASS,0.000,0.000,0,0
PHASEB_formal_comm_C2_RING_SIMPLE_CH8_N2048_q4_rep4,3,4,3,"NVIDIA A800-SXM4-80GB",sm_89,COMM_ONLY,NCCL,C2_RING_SIMPLE_CH8,2048,2048,2048,4,4194304,20,1,0,53,0,196.256,698.304,701.664,0.000,0.000,0.000,705.280,0.000,PASS,0.000,0.000,0,0
PHASEB_formal_comm_C2_RING_SIMPLE_CH8_N2048_q4_rep4,3,4,3,"NVIDIA A800-SXM4-80GB",sm_89,COMM_ONLY,NCCL,C2_RING_SIMPLE_CH8,2048,2048,2048,4,4194304,20,1,0,54,0,196.576,696.832,700.640,0.000,0.000,0.000,704.224,0.000,PASS,0.000,0.000,0,0
PHASEB_formal_comm_C2_RING_SIMPLE_CH8_N2048_q4_rep4,3,4,3,"NVIDIA A800-SXM4-80GB",sm_89,COMM_ONLY,NCCL,C2_RING_SIMPLE_CH8,2048,2048,2048,4,4194304,20,1,0,55,0,194.304,694.048,697.504,0.000,0.000,0.000,700.992,0.000,PASS,0.000,0.000,0,0
PHASEB_formal_comm_C2_RING_SIMPLE_CH8_N2048_q4_rep4,3,4,3,"NVIDIA A800-SXM4-80GB",sm_89,COMM_ONLY,NCCL,C2_RING_SIMPLE_CH8,2048,2048,2048,4,4194304,20,1,0,56,0,198.336,698.848,702.272,0.000,0.000,0.000,705.728,0.000,PASS,0.000,0.000,0,0
PHASEB_formal_comm_C2_RING_SIMPLE_CH8_N2048_q4_rep4,3,4,3,"NVIDIA A800-SXM4-80GB",sm_89,COMM_ONLY,NCCL,C2_RING_SIMPLE_CH8,2048,2048,2048,4,4194304,20,1,0,57,0,212.032,707.968,711.392,0.000,0.000,0.000,714.816,0.000,PASS,0.000,0.000,0,0
PHASEB_formal_comm_C2_RING_SIMPLE_CH8_N2048_q4_rep4,3,4,3,"NVIDIA A800-SXM4-80GB",sm_89,COMM_ONLY,NCCL,C2_RING_SIMPLE_CH8,2048,2048,2048,4,4194304,20,1,0,58,0,197.216,697.792,701.248,0.000,0.000,0.000,704.704,0.000,PASS,0.000,0.000,0,0
PHASEB_formal_comm_C2_RING_SIMPLE_CH8_N2048_q4_rep4,3,4,3,"NVIDIA A800-SXM4-80GB",sm_89,COMM_ONLY,NCCL,C2_RING_SIMPLE_CH8,2048,2048,2048,4,4194304,20,1,0,59,0,195.968,697.408,700.864,0.000,0.000,0.000,704.256,0.000,PASS,0.000,0.000,0,0
PHASEB_formal_comm_C2_RING_SIMPLE_CH8_N2048_q4_rep4,3,4,3,"NVIDIA A800-SXM4-80GB",sm_89,COMM_ONLY,NCCL,C2_RING_SIMPLE_CH8,2048,2048,2048,4,4194304,20,1,0,60,0,195.040,696.000,699.488,0.000,0.000,0.000,702.912,0.000,PASS,0.000,0.000,0,0
PHASEB_formal_comm_C2_RING_SIMPLE_CH8_N2048_q4_rep4,3,4,3,"NVIDIA A800-SXM4-80GB",sm_89,COMM_ONLY,NCCL,C2_RING_SIMPLE_CH8,2048,2048,2048,4,4194304,20,1,0,61,0,196.928,697.312,700.768,0.000,0.000,0.000,704.224,0.000,PASS,0.000,0.000,0,0
PHASEB_formal_comm_C2_RING_SIMPLE_CH8_N2048_q4_rep4,3,4,3,"NVIDIA A800-SXM4-80GB",sm_89,COMM_ONLY,NCCL,C2_RING_SIMPLE_CH8,2048,2048,2048,4,4194304,20,1,0,62,0,195.424,699.424,702.848,0.000,0.000,0.000,706.272,0.000,PASS,0.000,0.000,0,0
PHASEB_formal_comm_C2_RING_SIMPLE_CH8_N2048_q4_rep4,3,4,3,"NVIDIA A800-SXM4-80GB",sm_89,COMM_ONLY,NCCL,C2_RING_SIMPLE_CH8,2048,2048,2048,4,4194304,20,1,0,63,0,199.296,699.968,703.392,0.000,0.000,0.000,706.816,0.000,PASS,0.000,0.000,0,0
PHASEB_formal_comm_C2_RING_SIMPLE_CH8_N2048_q4_rep4,3,4,3,"NVIDIA A800-SXM4-80GB",sm_89,COMM_ONLY,NCCL,C2_RING_SIMPLE_CH8,2048,2048,2048,4,4194304,20,1,0,64,0,196.768,697.248,700.672,0.000,0.000,0.000,704.256,0.000,PASS,0.000,0.000,0,0
PHASEB_formal_comm_C2_RING_SIMPLE_CH8_N2048_q4_rep4,3,4,3,"NVIDIA A800-SXM4-80GB",sm_89,COMM_ONLY,NCCL,C2_RING_SIMPLE_CH8,2048,2048,2048,4,4194304,20,1,0,65,0,198.784,698.784,702.272,0.000,0.000,0.000,705.696,0.000,PASS,0.000,0.000,0,0
PHASEB_formal_comm_C2_RING_SIMPLE_CH8_N2048_q4_rep4,3,4,3,"NVIDIA A800-SXM4-80GB",sm_89,COMM_ONLY,NCCL,C2_RING_SIMPLE_CH8,2048,2048,2048,4,4194304,20,1,0,66,0,205.536,708.192,711.616,0.000,0.000,0.000,715.328,0.000,PASS,0.000,0.000,0,0
PHASEB_formal_comm_C2_RING_SIMPLE_CH8_N2048_q4_rep4,3,4,3,"NVIDIA A800-SXM4-80GB",sm_89,COMM_ONLY,NCCL,C2_RING_SIMPLE_CH8,2048,2048,2048,4,4194304,20,1,0,67,0,196.128,698.240,701.856,0.000,0.000,0.000,705.280,0.000,PASS,0.000,0.000,0,0
PHASEB_formal_comm_C2_RING_SIMPLE_CH8_N2048_q4_rep4,3,4,3,"NVIDIA A800-SXM4-80GB",sm_89,COMM_ONLY,NCCL,C2_RING_SIMPLE_CH8,2048,2048,2048,4,4194304,20,1,0,68,0,206.048,708.576,712.000,0.000,0.000,0.000,715.424,0.000,PASS,0.000,0.000,0,0
PHASEB_formal_comm_C2_RING_SIMPLE_CH8_N2048_q4_rep4,3,4,3,"NVIDIA A800-SXM4-80GB",sm_89,COMM_ONLY,NCCL,C2_RING_SIMPLE_CH8,2048,2048,2048,4,4194304,20,1,0,69,0,197.664,699.264,702.688,0.000,0.000,0.000,706.144,0.000,PASS,0.000,0.000,0,0
PHASEB_formal_comm_C2_RING_SIMPLE_CH8_N2048_q4_rep4,3,4,3,"NVIDIA A800-SXM4-80GB",sm_89,COMM_ONLY,NCCL,C2_RING_SIMPLE_CH8,2048,2048,2048,4,4194304,20,1,0,70,0,194.112,696.384,699.840,0.000,0.000,0.000,703.392,0.000,PASS,0.000,0.000,0,0
PHASEB_formal_comm_C2_RING_SIMPLE_CH8_N2048_q4_rep4,3,4,3,"NVIDIA A800-SXM4-80GB",sm_89,COMM_ONLY,NCCL,C2_RING_SIMPLE_CH8,2048,2048,2048,4,4194304,20,1,0,71,0,196.320,697.184,700.608,0.000,0.000,0.000,704.064,0.000,PASS,0.000,0.000,0,0
PHASEB_formal_comm_C2_RING_SIMPLE_CH8_N2048_q4_rep4,3,4,3,"NVIDIA A800-SXM4-80GB",sm_89,COMM_ONLY,NCCL,C2_RING_SIMPLE_CH8,2048,2048,2048,4,4194304,20,1,0,72,0,195.328,695.904,699.328,0.000,0.000,0.000,702.752,0.000,PASS,0.000,0.000,0,0
PHASEB_formal_comm_C2_RING_SIMPLE_CH8_N2048_q4_rep4,3,4,3,"NVIDIA A800-SXM4-80GB",sm_89,COMM_ONLY,NCCL,C2_RING_SIMPLE_CH8,2048,2048,2048,4,4194304,20,1,0,73,0,196.384,696.672,700.096,0.000,0.000,0.000,703.552,0.000,PASS,0.000,0.000,0,0
PHASEB_formal_comm_C2_RING_SIMPLE_CH8_N2048_q4_rep4,3,4,3,"NVIDIA A800-SXM4-80GB",sm_89,COMM_ONLY,NCCL,C2_RING_SIMPLE_CH8,2048,2048,2048,4,4194304,20,1,0,74,0,213.472,725.984,729.408,0.000,0.000,0.000,732.928,0.000,PASS,0.000,0.000,0,0
PHASEB_formal_comm_C2_RING_SIMPLE_CH8_N2048_q4_rep4,3,4,3,"NVIDIA A800-SXM4-80GB",sm_89,COMM_ONLY,NCCL,C2_RING_SIMPLE_CH8,2048,2048,2048,4,4194304,20,1,0,75,0,197.120,699.744,703.136,0.000,0.000,0.000,706.496,0.000,PASS,0.000,0.000,0,0
PHASEB_formal_comm_C2_RING_SIMPLE_CH8_N2048_q4_rep4,3,4,3,"NVIDIA A800-SXM4-80GB",sm_89,COMM_ONLY,NCCL,C2_RING_SIMPLE_CH8,2048,2048,2048,4,4194304,20,1,0,76,0,197.248,699.584,703.040,0.000,0.000,0.000,706.464,0.000,PASS,0.000,0.000,0,0
PHASEB_formal_comm_C2_RING_SIMPLE_CH8_N2048_q4_rep4,3,4,3,"NVIDIA A800-SXM4-80GB",sm_89,COMM_ONLY,NCCL,C2_RING_SIMPLE_CH8,2048,2048,2048,4,4194304,20,1,0,77,0,210.176,712.480,715.936,0.000,0.000,0.000,719.392,0.000,PASS,0.000,0.000,0,0
PHASEB_formal_comm_C2_RING_SIMPLE_CH8_N2048_q4_rep4,3,4,3,"NVIDIA A800-SXM4-80GB",sm_89,COMM_ONLY,NCCL,C2_RING_SIMPLE_CH8,2048,2048,2048,4,4194304,20,1,0,78,0,208.416,721.632,725.088,0.000,0.000,0.000,728.544,0.000,PASS,0.000,0.000,0,0
PHASEB_formal_comm_C2_RING_SIMPLE_CH8_N2048_q4_rep4,3,4,3,"NVIDIA A800-SXM4-80GB",sm_89,COMM_ONLY,NCCL,C2_RING_SIMPLE_CH8,2048,2048,2048,4,4194304,20,1,0,79,0,195.488,695.744,699.168,0.000,0.000,0.000,702.624,0.000,PASS,0.000,0.000,0,0
