run_id,rank,rank_count,device,gfx_arch,path,family,candidate,M,N,K,q,slice_index,slice_bytes,iteration_index,t_issue_us,t_release_us,t_gemm_start_us,t_gemm_end_us,t_gemm_duration_us,correctness,status
lr_d1_N2048_q8_rep5,2,4,2,sm_89,D1_PUSHSIG_OVERLAP,NVSHMEM,C0_DEFAULT,2048,2048,2048,8,0,2097152,0,0,192.064,195.552,698.208,502.656,PASS,0
lr_d1_N2048_q8_rep5,2,4,2,sm_89,D1_PUSHSIG_OVERLAP,NVSHMEM,C0_DEFAULT,2048,2048,2048,8,1,2097152,0,0,742.080,746.656,1254.784,508.128,PASS,0
lr_d1_N2048_q8_rep5,2,4,2,sm_89,D1_PUSHSIG_OVERLAP,NVSHMEM,C0_DEFAULT,2048,2048,2048,8,2,2097152,0,0,1294.560,1301.888,1803.840,501.952,PASS,0
lr_d1_N2048_q8_rep5,2,4,2,sm_89,D1_PUSHSIG_OVERLAP,NVSHMEM,C0_DEFAULT,2048,2048,2048,8,3,2097152,0,0,1841.440,1846.112,2351.360,505.248,PASS,0
lr_d1_N2048_q8_rep5,2,4,2,sm_89,D1_PUSHSIG_OVERLAP,NVSHMEM,C0_DEFAULT,2048,2048,2048,8,4,2097152,0,0,2381.536,2385.088,2881.888,496.800,PASS,0
lr_d1_N2048_q8_rep5,2,4,2,sm_89,D1_PUSHSIG_OVERLAP,NVSHMEM,C0_DEFAULT,2048,2048,2048,8,5,2097152,0,0,2907.616,2911.136,3406.848,495.712,PASS,0
lr_d1_N2048_q8_rep5,2,4,2,sm_89,D1_PUSHSIG_OVERLAP,NVSHMEM,C0_DEFAULT,2048,2048,2048,8,6,2097152,0,0,3432.192,3435.712,3930.688,494.976,PASS,0
lr_d1_N2048_q8_rep5,2,4,2,sm_89,D1_PUSHSIG_OVERLAP,NVSHMEM,C0_DEFAULT,2048,2048,2048,8,7,2097152,0,0,3955.712,3959.232,4455.328,496.096,PASS,0
lr_d1_N2048_q8_rep5,2,4,2,sm_89,D1_PUSHSIG_OVERLAP,NVSHMEM,C0_DEFAULT,2048,2048,2048,8,0,2097152,1,0,138.912,143.232,643.520,500.288,PASS,0
lr_d1_N2048_q8_rep5,2,4,2,sm_89,D1_PUSHSIG_OVERLAP,NVSHMEM,C0_DEFAULT,2048,2048,2048,8,1,2097152,1,0,687.904,691.360,1192.160,500.800,PASS,0
lr_d1_N2048_q8_rep5,2,4,2,sm_89,D1_PUSHSIG_OVERLAP,NVSHMEM,C0_DEFAULT,2048,2048,2048,8,2,2097152,1,0,1236.000,1239.520,1739.552,500.032,PASS,0
lr_d1_N2048_q8_rep5,2,4,2,sm_89,D1_PUSHSIG_OVERLAP,NVSHMEM,C0_DEFAULT,2048,2048,2048,8,3,2097152,1,0,1784.896,1788.512,2291.808,503.296,PASS,0
lr_d1_N2048_q8_rep5,2,4,2,sm_89,D1_PUSHSIG_OVERLAP,NVSHMEM,C0_DEFAULT,2048,2048,2048,8,4,2097152,1,0,2327.072,2330.912,2829.440,498.528,PASS,0
lr_d1_N2048_q8_rep5,2,4,2,sm_89,D1_PUSHSIG_OVERLAP,NVSHMEM,C0_DEFAULT,2048,2048,2048,8,5,2097152,1,0,2855.328,2858.816,3354.528,495.712,PASS,0
lr_d1_N2048_q8_rep5,2,4,2,sm_89,D1_PUSHSIG_OVERLAP,NVSHMEM,C0_DEFAULT,2048,2048,2048,8,6,2097152,1,0,3379.520,3383.040,3879.104,496.064,PASS,0
lr_d1_N2048_q8_rep5,2,4,2,sm_89,D1_PUSHSIG_OVERLAP,NVSHMEM,C0_DEFAULT,2048,2048,2048,8,7,2097152,1,0,3904.160,3907.680,4403.488,495.808,PASS,0
lr_d1_N2048_q8_rep5,2,4,2,sm_89,D1_PUSHSIG_OVERLAP,NVSHMEM,C0_DEFAULT,2048,2048,2048,8,0,2097152,2,0,193.920,198.368,699.808,501.440,PASS,0
lr_d1_N2048_q8_rep5,2,4,2,sm_89,D1_PUSHSIG_OVERLAP,NVSHMEM,C0_DEFAULT,2048,2048,2048,8,1,2097152,2,0,742.816,746.304,1248.032,501.728,PASS,0
lr_d1_N2048_q8_rep5,2,4,2,sm_89,D1_PUSHSIG_OVERLAP,NVSHMEM,C0_DEFAULT,2048,2048,2048,8,2,2097152,2,0,1291.648,1301.248,1809.376,508.128,PASS,0
lr_d1_N2048_q8_rep5,2,4,2,sm_89,D1_PUSHSIG_OVERLAP,NVSHMEM,C0_DEFAULT,2048,2048,2048,8,3,2097152,2,0,1852.896,1858.656,2362.720,504.064,PASS,0
lr_d1_N2048_q8_rep5,2,4,2,sm_89,D1_PUSHSIG_OVERLAP,NVSHMEM,C0_DEFAULT,2048,2048,2048,8,4,2097152,2,0,2400.544,2405.216,2905.376,500.160,PASS,0
lr_d1_N2048_q8_rep5,2,4,2,sm_89,D1_PUSHSIG_OVERLAP,NVSHMEM,C0_DEFAULT,2048,2048,2048,8,5,2097152,2,0,2930.400,2934.112,3430.048,495.936,PASS,0
lr_d1_N2048_q8_rep5,2,4,2,sm_89,D1_PUSHSIG_OVERLAP,NVSHMEM,C0_DEFAULT,2048,2048,2048,8,6,2097152,2,0,3455.072,3458.752,3954.720,495.968,PASS,0
lr_d1_N2048_q8_rep5,2,4,2,sm_89,D1_PUSHSIG_OVERLAP,NVSHMEM,C0_DEFAULT,2048,2048,2048,8,7,2097152,2,0,3980.288,3983.776,4479.584,495.808,PASS,0
lr_d1_N2048_q8_rep5,2,4,2,sm_89,D1_PUSHSIG_OVERLAP,NVSHMEM,C0_DEFAULT,2048,2048,2048,8,0,2097152,3,0,153.792,157.248,657.984,500.736,PASS,0
lr_d1_N2048_q8_rep5,2,4,2,sm_89,D1_PUSHSIG_OVERLAP,NVSHMEM,C0_DEFAULT,2048,2048,2048,8,1,2097152,3,0,698.208,702.112,1206.144,504.032,PASS,0
lr_d1_N2048_q8_rep5,2,4,2,sm_89,D1_PUSHSIG_OVERLAP,NVSHMEM,C0_DEFAULT,2048,2048,2048,8,2,2097152,3,0,1253.408,1265.824,1768.960,503.136,PASS,0
lr_d1_N2048_q8_rep5,2,4,2,sm_89,D1_PUSHSIG_OVERLAP,NVSHMEM,C0_DEFAULT,2048,2048,2048,8,3,2097152,3,0,1810.432,1813.920,2318.592,504.672,PASS,0
lr_d1_N2048_q8_rep5,2,4,2,sm_89,D1_PUSHSIG_OVERLAP,NVSHMEM,C0_DEFAULT,2048,2048,2048,8,4,2097152,3,0,2359.296,2368.384,2867.328,498.944,PASS,0
lr_d1_N2048_q8_rep5,2,4,2,sm_89,D1_PUSHSIG_OVERLAP,NVSHMEM,C0_DEFAULT,2048,2048,2048,8,5,2097152,3,0,2892.800,2896.448,3392.384,495.936,PASS,0
lr_d1_N2048_q8_rep5,2,4,2,sm_89,D1_PUSHSIG_OVERLAP,NVSHMEM,C0_DEFAULT,2048,2048,2048,8,6,2097152,3,0,3417.856,3421.408,3917.568,496.160,PASS,0
lr_d1_N2048_q8_rep5,2,4,2,sm_89,D1_PUSHSIG_OVERLAP,NVSHMEM,C0_DEFAULT,2048,2048,2048,8,7,2097152,3,0,3943.104,3946.624,4442.688,496.064,PASS,0
lr_d1_N2048_q8_rep5,2,4,2,sm_89,D1_PUSHSIG_OVERLAP,NVSHMEM,C0_DEFAULT,2048,2048,2048,8,0,2097152,4,0,177.120,180.640,683.168,502.528,PASS,0
lr_d1_N2048_q8_rep5,2,4,2,sm_89,D1_PUSHSIG_OVERLAP,NVSHMEM,C0_DEFAULT,2048,2048,2048,8,1,2097152,4,0,732.704,736.224,1239.104,502.880,PASS,0
lr_d1_N2048_q8_rep5,2,4,2,sm_89,D1_PUSHSIG_OVERLAP,NVSHMEM,C0_DEFAULT,2048,2048,2048,8,2,2097152,4,0,1283.232,1291.520,1801.440,509.920,PASS,0
lr_d1_N2048_q8_rep5,2,4,2,sm_89,D1_PUSHSIG_OVERLAP,NVSHMEM,C0_DEFAULT,2048,2048,2048,8,3,2097152,4,0,1846.688,1850.336,2353.088,502.752,PASS,0
lr_d1_N2048_q8_rep5,2,4,2,sm_89,D1_PUSHSIG_OVERLAP,NVSHMEM,C0_DEFAULT,2048,2048,2048,8,4,2097152,4,0,2391.520,2397.632,2897.152,499.520,PASS,0
lr_d1_N2048_q8_rep5,2,4,2,sm_89,D1_PUSHSIG_OVERLAP,NVSHMEM,C0_DEFAULT,2048,2048,2048,8,5,2097152,4,0,2922.432,2926.112,3422.048,495.936,PASS,0
lr_d1_N2048_q8_rep5,2,4,2,sm_89,D1_PUSHSIG_OVERLAP,NVSHMEM,C0_DEFAULT,2048,2048,2048,8,6,2097152,4,0,3447.104,3450.624,3946.336,495.712,PASS,0
lr_d1_N2048_q8_rep5,2,4,2,sm_89,D1_PUSHSIG_OVERLAP,NVSHMEM,C0_DEFAULT,2048,2048,2048,8,7,2097152,4,0,3971.392,3974.912,4471.040,496.128,PASS,0
lr_d1_N2048_q8_rep5,2,4,2,sm_89,D1_PUSHSIG_OVERLAP,NVSHMEM,C0_DEFAULT,2048,2048,2048,8,0,2097152,5,0,160.832,164.832,663.584,498.752,PASS,0
lr_d1_N2048_q8_rep5,2,4,2,sm_89,D1_PUSHSIG_OVERLAP,NVSHMEM,C0_DEFAULT,2048,2048,2048,8,1,2097152,5,0,703.552,707.072,1211.744,504.672,PASS,0
lr_d1_N2048_q8_rep5,2,4,2,sm_89,D1_PUSHSIG_OVERLAP,NVSHMEM,C0_DEFAULT,2048,2048,2048,8,2,2097152,5,0,1254.176,1258.048,1760.032,501.984,PASS,0
lr_d1_N2048_q8_rep5,2,4,2,sm_89,D1_PUSHSIG_OVERLAP,NVSHMEM,C0_DEFAULT,2048,2048,2048,8,3,2097152,5,0,1800.896,1804.448,2306.112,501.664,PASS,0
lr_d1_N2048_q8_rep5,2,4,2,sm_89,D1_PUSHSIG_OVERLAP,NVSHMEM,C0_DEFAULT,2048,2048,2048,8,4,2097152,5,0,2343.712,2347.296,2847.776,500.480,PASS,0
lr_d1_N2048_q8_rep5,2,4,2,sm_89,D1_PUSHSIG_OVERLAP,NVSHMEM,C0_DEFAULT,2048,2048,2048,8,5,2097152,5,0,2884.224,2888.544,3388.832,500.288,PASS,0
lr_d1_N2048_q8_rep5,2,4,2,sm_89,D1_PUSHSIG_OVERLAP,NVSHMEM,C0_DEFAULT,2048,2048,2048,8,6,2097152,5,0,3414.112,3417.632,3913.632,496.000,PASS,0
lr_d1_N2048_q8_rep5,2,4,2,sm_89,D1_PUSHSIG_OVERLAP,NVSHMEM,C0_DEFAULT,2048,2048,2048,8,7,2097152,5,0,3938.688,3942.400,4438.624,496.224,PASS,0
lr_d1_N2048_q8_rep5,2,4,2,sm_89,D1_PUSHSIG_OVERLAP,NVSHMEM,C0_DEFAULT,2048,2048,2048,8,0,2097152,6,0,174.464,178.336,680.896,502.560,PASS,0
lr_d1_N2048_q8_rep5,2,4,2,sm_89,D1_PUSHSIG_OVERLAP,NVSHMEM,C0_DEFAULT,2048,2048,2048,8,1,2097152,6,0,732.608,747.584,1253.760,506.176,PASS,0
lr_d1_N2048_q8_rep5,2,4,2,sm_89,D1_PUSHSIG_OVERLAP,NVSHMEM,C0_DEFAULT,2048,2048,2048,8,2,2097152,6,0,1305.280,1308.896,1809.952,501.056,PASS,0
lr_d1_N2048_q8_rep5,2,4,2,sm_89,D1_PUSHSIG_OVERLAP,NVSHMEM,C0_DEFAULT,2048,2048,2048,8,3,2097152,6,0,1860.288,1864.800,2365.088,500.288,PASS,0
lr_d1_N2048_q8_rep5,2,4,2,sm_89,D1_PUSHSIG_OVERLAP,NVSHMEM,C0_DEFAULT,2048,2048,2048,8,4,2097152,6,0,2406.880,2410.528,2912.992,502.464,PASS,0
lr_d1_N2048_q8_rep5,2,4,2,sm_89,D1_PUSHSIG_OVERLAP,NVSHMEM,C0_DEFAULT,2048,2048,2048,8,5,2097152,6,0,2942.880,2946.400,3442.048,495.648,PASS,0
lr_d1_N2048_q8_rep5,2,4,2,sm_89,D1_PUSHSIG_OVERLAP,NVSHMEM,C0_DEFAULT,2048,2048,2048,8,6,2097152,6,0,3467.360,3470.880,3966.368,495.488,PASS,0
lr_d1_N2048_q8_rep5,2,4,2,sm_89,D1_PUSHSIG_OVERLAP,NVSHMEM,C0_DEFAULT,2048,2048,2048,8,7,2097152,6,0,3991.872,3995.360,4491.392,496.032,PASS,0
lr_d1_N2048_q8_rep5,2,4,2,sm_89,D1_PUSHSIG_OVERLAP,NVSHMEM,C0_DEFAULT,2048,2048,2048,8,0,2097152,7,0,138.624,142.176,646.048,503.872,PASS,0
lr_d1_N2048_q8_rep5,2,4,2,sm_89,D1_PUSHSIG_OVERLAP,NVSHMEM,C0_DEFAULT,2048,2048,2048,8,1,2097152,7,0,688.928,692.704,1195.168,502.464,PASS,0
lr_d1_N2048_q8_rep5,2,4,2,sm_89,D1_PUSHSIG_OVERLAP,NVSHMEM,C0_DEFAULT,2048,2048,2048,8,2,2097152,7,0,1235.648,1239.072,1741.984,502.912,PASS,0
lr_d1_N2048_q8_rep5,2,4,2,sm_89,D1_PUSHSIG_OVERLAP,NVSHMEM,C0_DEFAULT,2048,2048,2048,8,3,2097152,7,0,1788.224,1792.352,2299.072,506.720,PASS,0
lr_d1_N2048_q8_rep5,2,4,2,sm_89,D1_PUSHSIG_OVERLAP,NVSHMEM,C0_DEFAULT,2048,2048,2048,8,4,2097152,7,0,2344.128,2348.800,2845.216,496.416,PASS,0
lr_d1_N2048_q8_rep5,2,4,2,sm_89,D1_PUSHSIG_OVERLAP,NVSHMEM,C0_DEFAULT,2048,2048,2048,8,5,2097152,7,0,2871.008,2874.528,3370.144,495.616,PASS,0
lr_d1_N2048_q8_rep5,2,4,2,sm_89,D1_PUSHSIG_OVERLAP,NVSHMEM,C0_DEFAULT,2048,2048,2048,8,6,2097152,7,0,3398.368,3401.920,3897.536,495.616,PASS,0
lr_d1_N2048_q8_rep5,2,4,2,sm_89,D1_PUSHSIG_OVERLAP,NVSHMEM,C0_DEFAULT,2048,2048,2048,8,7,2097152,7,0,3923.072,3926.624,4422.304,495.680,PASS,0
lr_d1_N2048_q8_rep5,2,4,2,sm_89,D1_PUSHSIG_OVERLAP,NVSHMEM,C0_DEFAULT,2048,2048,2048,8,0,2097152,8,0,175.296,178.976,681.984,503.008,PASS,0
lr_d1_N2048_q8_rep5,2,4,2,sm_89,D1_PUSHSIG_OVERLAP,NVSHMEM,C0_DEFAULT,2048,2048,2048,8,1,2097152,8,0,726.208,736.288,1237.024,500.736,PASS,0
lr_d1_N2048_q8_rep5,2,4,2,sm_89,D1_PUSHSIG_OVERLAP,NVSHMEM,C0_DEFAULT,2048,2048,2048,8,2,2097152,8,0,1282.080,1285.568,1788.192,502.624,PASS,0
lr_d1_N2048_q8_rep5,2,4,2,sm_89,D1_PUSHSIG_OVERLAP,NVSHMEM,C0_DEFAULT,2048,2048,2048,8,3,2097152,8,0,1829.152,1832.896,2334.336,501.440,PASS,0
lr_d1_N2048_q8_rep5,2,4,2,sm_89,D1_PUSHSIG_OVERLAP,NVSHMEM,C0_DEFAULT,2048,2048,2048,8,4,2097152,8,0,2376.416,2380.256,2876.256,496.000,PASS,0
lr_d1_N2048_q8_rep5,2,4,2,sm_89,D1_PUSHSIG_OVERLAP,NVSHMEM,C0_DEFAULT,2048,2048,2048,8,5,2097152,8,0,2901.504,2905.024,3400.416,495.392,PASS,0
lr_d1_N2048_q8_rep5,2,4,2,sm_89,D1_PUSHSIG_OVERLAP,NVSHMEM,C0_DEFAULT,2048,2048,2048,8,6,2097152,8,0,3425.376,3428.896,3924.352,495.456,PASS,0
lr_d1_N2048_q8_rep5,2,4,2,sm_89,D1_PUSHSIG_OVERLAP,NVSHMEM,C0_DEFAULT,2048,2048,2048,8,7,2097152,8,0,3949.376,3952.928,4449.056,496.128,PASS,0
lr_d1_N2048_q8_rep5,2,4,2,sm_89,D1_PUSHSIG_OVERLAP,NVSHMEM,C0_DEFAULT,2048,2048,2048,8,0,2097152,9,0,150.176,157.184,659.072,501.888,PASS,0
lr_d1_N2048_q8_rep5,2,4,2,sm_89,D1_PUSHSIG_OVERLAP,NVSHMEM,C0_DEFAULT,2048,2048,2048,8,1,2097152,9,0,699.872,704.096,1204.864,500.768,PASS,0
lr_d1_N2048_q8_rep5,2,4,2,sm_89,D1_PUSHSIG_OVERLAP,NVSHMEM,C0_DEFAULT,2048,2048,2048,8,2,2097152,9,0,1248.448,1252.448,1753.280,500.832,PASS,0
lr_d1_N2048_q8_rep5,2,4,2,sm_89,D1_PUSHSIG_OVERLAP,NVSHMEM,C0_DEFAULT,2048,2048,2048,8,3,2097152,9,0,1792.384,1800.160,2302.080,501.920,PASS,0
lr_d1_N2048_q8_rep5,2,4,2,sm_89,D1_PUSHSIG_OVERLAP,NVSHMEM,C0_DEFAULT,2048,2048,2048,8,4,2097152,9,0,2344.512,2348.064,2850.368,502.304,PASS,0
lr_d1_N2048_q8_rep5,2,4,2,sm_89,D1_PUSHSIG_OVERLAP,NVSHMEM,C0_DEFAULT,2048,2048,2048,8,5,2097152,9,0,2882.880,2886.432,3383.136,496.704,PASS,0
lr_d1_N2048_q8_rep5,2,4,2,sm_89,D1_PUSHSIG_OVERLAP,NVSHMEM,C0_DEFAULT,2048,2048,2048,8,6,2097152,9,0,3408.416,3411.936,3908.352,496.416,PASS,0
lr_d1_N2048_q8_rep5,2,4,2,sm_89,D1_PUSHSIG_OVERLAP,NVSHMEM,C0_DEFAULT,2048,2048,2048,8,7,2097152,9,0,3933.664,3937.184,4433.216,496.032,PASS,0
lr_d1_N2048_q8_rep5,2,4,2,sm_89,D1_PUSHSIG_OVERLAP,NVSHMEM,C0_DEFAULT,2048,2048,2048,8,0,2097152,10,0,186.144,189.664,692.576,502.912,PASS,0
lr_d1_N2048_q8_rep5,2,4,2,sm_89,D1_PUSHSIG_OVERLAP,NVSHMEM,C0_DEFAULT,2048,2048,2048,8,1,2097152,10,0,732.192,736.416,1237.024,500.608,PASS,0
lr_d1_N2048_q8_rep5,2,4,2,sm_89,D1_PUSHSIG_OVERLAP,NVSHMEM,C0_DEFAULT,2048,2048,2048,8,2,2097152,10,0,1287.136,1298.112,1804.288,506.176,PASS,0
lr_d1_N2048_q8_rep5,2,4,2,sm_89,D1_PUSHSIG_OVERLAP,NVSHMEM,C0_DEFAULT,2048,2048,2048,8,3,2097152,10,0,1842.688,1847.008,2353.440,506.432,PASS,0
lr_d1_N2048_q8_rep5,2,4,2,sm_89,D1_PUSHSIG_OVERLAP,NVSHMEM,C0_DEFAULT,2048,2048,2048,8,4,2097152,10,0,2398.112,2401.664,2898.144,496.480,PASS,0
lr_d1_N2048_q8_rep5,2,4,2,sm_89,D1_PUSHSIG_OVERLAP,NVSHMEM,C0_DEFAULT,2048,2048,2048,8,5,2097152,10,0,2923.840,2927.424,3423.648,496.224,PASS,0
lr_d1_N2048_q8_rep5,2,4,2,sm_89,D1_PUSHSIG_OVERLAP,NVSHMEM,C0_DEFAULT,2048,2048,2048,8,6,2097152,10,0,3449.088,3452.608,3947.936,495.328,PASS,0
lr_d1_N2048_q8_rep5,2,4,2,sm_89,D1_PUSHSIG_OVERLAP,NVSHMEM,C0_DEFAULT,2048,2048,2048,8,7,2097152,10,0,3973.504,3977.024,4473.408,496.384,PASS,0
lr_d1_N2048_q8_rep5,2,4,2,sm_89,D1_PUSHSIG_OVERLAP,NVSHMEM,C0_DEFAULT,2048,2048,2048,8,0,2097152,11,0,137.696,146.400,646.272,499.872,PASS,0
lr_d1_N2048_q8_rep5,2,4,2,sm_89,D1_PUSHSIG_OVERLAP,NVSHMEM,C0_DEFAULT,2048,2048,2048,8,1,2097152,11,0,692.896,696.864,1197.024,500.160,PASS,0
lr_d1_N2048_q8_rep5,2,4,2,sm_89,D1_PUSHSIG_OVERLAP,NVSHMEM,C0_DEFAULT,2048,2048,2048,8,2,2097152,11,0,1244.928,1249.696,1751.776,502.080,PASS,0
lr_d1_N2048_q8_rep5,2,4,2,sm_89,D1_PUSHSIG_OVERLAP,NVSHMEM,C0_DEFAULT,2048,2048,2048,8,3,2097152,11,0,1792.384,1798.016,2310.144,512.128,PASS,0
lr_d1_N2048_q8_rep5,2,4,2,sm_89,D1_PUSHSIG_OVERLAP,NVSHMEM,C0_DEFAULT,2048,2048,2048,8,4,2097152,11,0,2353.248,2358.112,2853.952,495.840,PASS,0
lr_d1_N2048_q8_rep5,2,4,2,sm_89,D1_PUSHSIG_OVERLAP,NVSHMEM,C0_DEFAULT,2048,2048,2048,8,5,2097152,11,0,2879.424,2883.072,3378.496,495.424,PASS,0
lr_d1_N2048_q8_rep5,2,4,2,sm_89,D1_PUSHSIG_OVERLAP,NVSHMEM,C0_DEFAULT,2048,2048,2048,8,6,2097152,11,0,3403.744,3407.264,3902.496,495.232,PASS,0
lr_d1_N2048_q8_rep5,2,4,2,sm_89,D1_PUSHSIG_OVERLAP,NVSHMEM,C0_DEFAULT,2048,2048,2048,8,7,2097152,11,0,3928.288,3931.872,4427.712,495.840,PASS,0
lr_d1_N2048_q8_rep5,2,4,2,sm_89,D1_PUSHSIG_OVERLAP,NVSHMEM,C0_DEFAULT,2048,2048,2048,8,0,2097152,12,0,163.936,167.968,669.984,502.016,PASS,0
lr_d1_N2048_q8_rep5,2,4,2,sm_89,D1_PUSHSIG_OVERLAP,NVSHMEM,C0_DEFAULT,2048,2048,2048,8,1,2097152,12,0,711.744,720.352,1229.632,509.280,PASS,0
lr_d1_N2048_q8_rep5,2,4,2,sm_89,D1_PUSHSIG_OVERLAP,NVSHMEM,C0_DEFAULT,2048,2048,2048,8,2,2097152,12,0,1272.192,1275.680,1776.032,500.352,PASS,0
lr_d1_N2048_q8_rep5,2,4,2,sm_89,D1_PUSHSIG_OVERLAP,NVSHMEM,C0_DEFAULT,2048,2048,2048,8,3,2097152,12,0,1824.928,1829.504,2332.512,503.008,PASS,0
lr_d1_N2048_q8_rep5,2,4,2,sm_89,D1_PUSHSIG_OVERLAP,NVSHMEM,C0_DEFAULT,2048,2048,2048,8,4,2097152,12,0,2375.936,2379.552,2878.624,499.072,PASS,0
lr_d1_N2048_q8_rep5,2,4,2,sm_89,D1_PUSHSIG_OVERLAP,NVSHMEM,C0_DEFAULT,2048,2048,2048,8,5,2097152,12,0,2917.504,2921.024,3417.184,496.160,PASS,0
lr_d1_N2048_q8_rep5,2,4,2,sm_89,D1_PUSHSIG_OVERLAP,NVSHMEM,C0_DEFAULT,2048,2048,2048,8,6,2097152,12,0,3443.040,3446.560,3942.304,495.744,PASS,0
lr_d1_N2048_q8_rep5,2,4,2,sm_89,D1_PUSHSIG_OVERLAP,NVSHMEM,C0_DEFAULT,2048,2048,2048,8,7,2097152,12,0,3967.936,3971.424,4467.488,496.064,PASS,0
lr_d1_N2048_q8_rep5,2,4,2,sm_89,D1_PUSHSIG_OVERLAP,NVSHMEM,C0_DEFAULT,2048,2048,2048,8,0,2097152,13,0,162.016,166.112,667.680,501.568,PASS,0
lr_d1_N2048_q8_rep5,2,4,2,sm_89,D1_PUSHSIG_OVERLAP,NVSHMEM,C0_DEFAULT,2048,2048,2048,8,1,2097152,13,0,711.008,714.528,1215.776,501.248,PASS,0
lr_d1_N2048_q8_rep5,2,4,2,sm_89,D1_PUSHSIG_OVERLAP,NVSHMEM,C0_DEFAULT,2048,2048,2048,8,2,2097152,13,0,1256.992,1260.928,1761.408,500.480,PASS,0
lr_d1_N2048_q8_rep5,2,4,2,sm_89,D1_PUSHSIG_OVERLAP,NVSHMEM,C0_DEFAULT,2048,2048,2048,8,3,2097152,13,0,1800.768,1804.352,2308.576,504.224,PASS,0
lr_d1_N2048_q8_rep5,2,4,2,sm_89,D1_PUSHSIG_OVERLAP,NVSHMEM,C0_DEFAULT,2048,2048,2048,8,4,2097152,13,0,2352.928,2356.448,2856.736,500.288,PASS,0
lr_d1_N2048_q8_rep5,2,4,2,sm_89,D1_PUSHSIG_OVERLAP,NVSHMEM,C0_DEFAULT,2048,2048,2048,8,5,2097152,13,0,2889.536,2892.992,3388.352,495.360,PASS,0
lr_d1_N2048_q8_rep5,2,4,2,sm_89,D1_PUSHSIG_OVERLAP,NVSHMEM,C0_DEFAULT,2048,2048,2048,8,6,2097152,13,0,3413.568,3417.088,3912.672,495.584,PASS,0
lr_d1_N2048_q8_rep5,2,4,2,sm_89,D1_PUSHSIG_OVERLAP,NVSHMEM,C0_DEFAULT,2048,2048,2048,8,7,2097152,13,0,3937.696,3941.248,4437.312,496.064,PASS,0
lr_d1_N2048_q8_rep5,2,4,2,sm_89,D1_PUSHSIG_OVERLAP,NVSHMEM,C0_DEFAULT,2048,2048,2048,8,0,2097152,14,0,146.528,150.176,651.776,501.600,PASS,0
lr_d1_N2048_q8_rep5,2,4,2,sm_89,D1_PUSHSIG_OVERLAP,NVSHMEM,C0_DEFAULT,2048,2048,2048,8,1,2097152,14,0,690.848,694.368,1200.320,505.952,PASS,0
lr_d1_N2048_q8_rep5,2,4,2,sm_89,D1_PUSHSIG_OVERLAP,NVSHMEM,C0_DEFAULT,2048,2048,2048,8,2,2097152,14,0,1247.008,1252.000,1751.360,499.360,PASS,0
lr_d1_N2048_q8_rep5,2,4,2,sm_89,D1_PUSHSIG_OVERLAP,NVSHMEM,C0_DEFAULT,2048,2048,2048,8,3,2097152,14,0,1799.296,1803.072,2303.296,500.224,PASS,0
lr_d1_N2048_q8_rep5,2,4,2,sm_89,D1_PUSHSIG_OVERLAP,NVSHMEM,C0_DEFAULT,2048,2048,2048,8,4,2097152,14,0,2337.312,2340.832,2836.608,495.776,PASS,0
lr_d1_N2048_q8_rep5,2,4,2,sm_89,D1_PUSHSIG_OVERLAP,NVSHMEM,C0_DEFAULT,2048,2048,2048,8,5,2097152,14,0,2861.952,2865.472,3361.088,495.616,PASS,0
lr_d1_N2048_q8_rep5,2,4,2,sm_89,D1_PUSHSIG_OVERLAP,NVSHMEM,C0_DEFAULT,2048,2048,2048,8,6,2097152,14,0,3386.336,3389.856,3885.984,496.128,PASS,0
lr_d1_N2048_q8_rep5,2,4,2,sm_89,D1_PUSHSIG_OVERLAP,NVSHMEM,C0_DEFAULT,2048,2048,2048,8,7,2097152,14,0,3911.232,3914.688,4410.560,495.872,PASS,0
lr_d1_N2048_q8_rep5,2,4,2,sm_89,D1_PUSHSIG_OVERLAP,NVSHMEM,C0_DEFAULT,2048,2048,2048,8,0,2097152,15,0,172.672,184.064,685.792,501.728,PASS,0
lr_d1_N2048_q8_rep5,2,4,2,sm_89,D1_PUSHSIG_OVERLAP,NVSHMEM,C0_DEFAULT,2048,2048,2048,8,1,2097152,15,0,727.168,730.816,1233.248,502.432,PASS,0
lr_d1_N2048_q8_rep5,2,4,2,sm_89,D1_PUSHSIG_OVERLAP,NVSHMEM,C0_DEFAULT,2048,2048,2048,8,2,2097152,15,0,1277.568,1288.224,1789.984,501.760,PASS,0
lr_d1_N2048_q8_rep5,2,4,2,sm_89,D1_PUSHSIG_OVERLAP,NVSHMEM,C0_DEFAULT,2048,2048,2048,8,3,2097152,15,0,1831.072,1835.008,2334.336,499.328,PASS,0
lr_d1_N2048_q8_rep5,2,4,2,sm_89,D1_PUSHSIG_OVERLAP,NVSHMEM,C0_DEFAULT,2048,2048,2048,8,4,2097152,15,0,2374.304,2377.984,2874.016,496.032,PASS,0
lr_d1_N2048_q8_rep5,2,4,2,sm_89,D1_PUSHSIG_OVERLAP,NVSHMEM,C0_DEFAULT,2048,2048,2048,8,5,2097152,15,0,2899.520,2903.200,3398.848,495.648,PASS,0
lr_d1_N2048_q8_rep5,2,4,2,sm_89,D1_PUSHSIG_OVERLAP,NVSHMEM,C0_DEFAULT,2048,2048,2048,8,6,2097152,15,0,3424.352,3427.968,3923.520,495.552,PASS,0
lr_d1_N2048_q8_rep5,2,4,2,sm_89,D1_PUSHSIG_OVERLAP,NVSHMEM,C0_DEFAULT,2048,2048,2048,8,7,2097152,15,0,3949.184,3952.704,4448.384,495.680,PASS,0
lr_d1_N2048_q8_rep5,2,4,2,sm_89,D1_PUSHSIG_OVERLAP,NVSHMEM,C0_DEFAULT,2048,2048,2048,8,0,2097152,16,0,127.040,142.560,646.048,503.488,PASS,0
lr_d1_N2048_q8_rep5,2,4,2,sm_89,D1_PUSHSIG_OVERLAP,NVSHMEM,C0_DEFAULT,2048,2048,2048,8,1,2097152,16,0,686.496,696.128,1200.608,504.480,PASS,0
lr_d1_N2048_q8_rep5,2,4,2,sm_89,D1_PUSHSIG_OVERLAP,NVSHMEM,C0_DEFAULT,2048,2048,2048,8,2,2097152,16,0,1244.544,1249.440,1751.136,501.696,PASS,0
lr_d1_N2048_q8_rep5,2,4,2,sm_89,D1_PUSHSIG_OVERLAP,NVSHMEM,C0_DEFAULT,2048,2048,2048,8,3,2097152,16,0,1795.072,1802.176,2308.032,505.856,PASS,0
lr_d1_N2048_q8_rep5,2,4,2,sm_89,D1_PUSHSIG_OVERLAP,NVSHMEM,C0_DEFAULT,2048,2048,2048,8,4,2097152,16,0,2338.848,2342.368,2838.144,495.776,PASS,0
lr_d1_N2048_q8_rep5,2,4,2,sm_89,D1_PUSHSIG_OVERLAP,NVSHMEM,C0_DEFAULT,2048,2048,2048,8,5,2097152,16,0,2866.400,2869.920,3365.536,495.616,PASS,0
lr_d1_N2048_q8_rep5,2,4,2,sm_89,D1_PUSHSIG_OVERLAP,NVSHMEM,C0_DEFAULT,2048,2048,2048,8,6,2097152,16,0,3391.872,3395.424,3891.520,496.096,PASS,0
lr_d1_N2048_q8_rep5,2,4,2,sm_89,D1_PUSHSIG_OVERLAP,NVSHMEM,C0_DEFAULT,2048,2048,2048,8,7,2097152,16,0,3916.800,3920.320,4416.352,496.032,PASS,0
lr_d1_N2048_q8_rep5,2,4,2,sm_89,D1_PUSHSIG_OVERLAP,NVSHMEM,C0_DEFAULT,2048,2048,2048,8,0,2097152,17,0,149.888,155.264,656.128,500.864,PASS,0
lr_d1_N2048_q8_rep5,2,4,2,sm_89,D1_PUSHSIG_OVERLAP,NVSHMEM,C0_DEFAULT,2048,2048,2048,8,1,2097152,17,0,698.208,701.856,1206.304,504.448,PASS,0
lr_d1_N2048_q8_rep5,2,4,2,sm_89,D1_PUSHSIG_OVERLAP,NVSHMEM,C0_DEFAULT,2048,2048,2048,8,2,2097152,17,0,1251.680,1262.976,1772.768,509.792,PASS,0
lr_d1_N2048_q8_rep5,2,4,2,sm_89,D1_PUSHSIG_OVERLAP,NVSHMEM,C0_DEFAULT,2048,2048,2048,8,3,2097152,17,0,1813.216,1817.120,2319.168,502.048,PASS,0
lr_d1_N2048_q8_rep5,2,4,2,sm_89,D1_PUSHSIG_OVERLAP,NVSHMEM,C0_DEFAULT,2048,2048,2048,8,4,2097152,17,0,2357.504,2360.992,2862.784,501.792,PASS,0
lr_d1_N2048_q8_rep5,2,4,2,sm_89,D1_PUSHSIG_OVERLAP,NVSHMEM,C0_DEFAULT,2048,2048,2048,8,5,2097152,17,0,2891.136,2894.656,3390.400,495.744,PASS,0
lr_d1_N2048_q8_rep5,2,4,2,sm_89,D1_PUSHSIG_OVERLAP,NVSHMEM,C0_DEFAULT,2048,2048,2048,8,6,2097152,17,0,3415.616,3419.264,3914.912,495.648,PASS,0
lr_d1_N2048_q8_rep5,2,4,2,sm_89,D1_PUSHSIG_OVERLAP,NVSHMEM,C0_DEFAULT,2048,2048,2048,8,7,2097152,17,0,3939.904,3943.424,4439.328,495.904,PASS,0
lr_d1_N2048_q8_rep5,2,4,2,sm_89,D1_PUSHSIG_OVERLAP,NVSHMEM,C0_DEFAULT,2048,2048,2048,8,0,2097152,18,0,154.144,158.496,657.984,499.488,PASS,0
lr_d1_N2048_q8_rep5,2,4,2,sm_89,D1_PUSHSIG_OVERLAP,NVSHMEM,C0_DEFAULT,2048,2048,2048,8,1,2097152,18,0,701.824,705.216,1207.520,502.304,PASS,0
lr_d1_N2048_q8_rep5,2,4,2,sm_89,D1_PUSHSIG_OVERLAP,NVSHMEM,C0_DEFAULT,2048,2048,2048,8,2,2097152,18,0,1249.088,1253.600,1758.272,504.672,PASS,0
lr_d1_N2048_q8_rep5,2,4,2,sm_89,D1_PUSHSIG_OVERLAP,NVSHMEM,C0_DEFAULT,2048,2048,2048,8,3,2097152,18,0,1800.576,1804.800,2309.472,504.672,PASS,0
lr_d1_N2048_q8_rep5,2,4,2,sm_89,D1_PUSHSIG_OVERLAP,NVSHMEM,C0_DEFAULT,2048,2048,2048,8,4,2097152,18,0,2352.192,2355.776,2851.104,495.328,PASS,0
lr_d1_N2048_q8_rep5,2,4,2,sm_89,D1_PUSHSIG_OVERLAP,NVSHMEM,C0_DEFAULT,2048,2048,2048,8,5,2097152,18,0,2876.352,2879.872,3376.160,496.288,PASS,0
lr_d1_N2048_q8_rep5,2,4,2,sm_89,D1_PUSHSIG_OVERLAP,NVSHMEM,C0_DEFAULT,2048,2048,2048,8,6,2097152,18,0,3401.408,3404.928,3900.320,495.392,PASS,0
lr_d1_N2048_q8_rep5,2,4,2,sm_89,D1_PUSHSIG_OVERLAP,NVSHMEM,C0_DEFAULT,2048,2048,2048,8,7,2097152,18,0,3925.888,3929.600,4425.248,495.648,PASS,0
lr_d1_N2048_q8_rep5,2,4,2,sm_89,D1_PUSHSIG_OVERLAP,NVSHMEM,C0_DEFAULT,2048,2048,2048,8,0,2097152,19,0,160.640,164.416,666.688,502.272,PASS,0
lr_d1_N2048_q8_rep5,2,4,2,sm_89,D1_PUSHSIG_OVERLAP,NVSHMEM,C0_DEFAULT,2048,2048,2048,8,1,2097152,19,0,709.920,713.344,1216.736,503.392,PASS,0
lr_d1_N2048_q8_rep5,2,4,2,sm_89,D1_PUSHSIG_OVERLAP,NVSHMEM,C0_DEFAULT,2048,2048,2048,8,2,2097152,19,0,1266.976,1270.496,1771.424,500.928,PASS,0
lr_d1_N2048_q8_rep5,2,4,2,sm_89,D1_PUSHSIG_OVERLAP,NVSHMEM,C0_DEFAULT,2048,2048,2048,8,3,2097152,19,0,1815.168,1818.688,2321.600,502.912,PASS,0
lr_d1_N2048_q8_rep5,2,4,2,sm_89,D1_PUSHSIG_OVERLAP,NVSHMEM,C0_DEFAULT,2048,2048,2048,8,4,2097152,19,0,2362.784,2366.560,2867.168,500.608,PASS,0
lr_d1_N2048_q8_rep5,2,4,2,sm_89,D1_PUSHSIG_OVERLAP,NVSHMEM,C0_DEFAULT,2048,2048,2048,8,5,2097152,19,0,2914.208,2917.920,3414.432,496.512,PASS,0
lr_d1_N2048_q8_rep5,2,4,2,sm_89,D1_PUSHSIG_OVERLAP,NVSHMEM,C0_DEFAULT,2048,2048,2048,8,6,2097152,19,0,3440.128,3443.648,3939.648,496.000,PASS,0
lr_d1_N2048_q8_rep5,2,4,2,sm_89,D1_PUSHSIG_OVERLAP,NVSHMEM,C0_DEFAULT,2048,2048,2048,8,7,2097152,19,0,3965.184,3968.704,4464.800,496.096,PASS,0
lr_d1_N2048_q8_rep5,2,4,2,sm_89,D1_PUSHSIG_OVERLAP,NVSHMEM,C0_DEFAULT,2048,2048,2048,8,0,2097152,20,0,156.608,160.000,658.560,498.560,PASS,0
lr_d1_N2048_q8_rep5,2,4,2,sm_89,D1_PUSHSIG_OVERLAP,NVSHMEM,C0_DEFAULT,2048,2048,2048,8,1,2097152,20,0,704.864,714.720,1226.080,511.360,PASS,0
lr_d1_N2048_q8_rep5,2,4,2,sm_89,D1_PUSHSIG_OVERLAP,NVSHMEM,C0_DEFAULT,2048,2048,2048,8,2,2097152,20,0,1270.304,1273.824,1774.784,500.960,PASS,0
lr_d1_N2048_q8_rep5,2,4,2,sm_89,D1_PUSHSIG_OVERLAP,NVSHMEM,C0_DEFAULT,2048,2048,2048,8,3,2097152,20,0,1818.432,1821.984,2326.880,504.896,PASS,0
lr_d1_N2048_q8_rep5,2,4,2,sm_89,D1_PUSHSIG_OVERLAP,NVSHMEM,C0_DEFAULT,2048,2048,2048,8,4,2097152,20,0,2370.976,2376.096,2875.904,499.808,PASS,0
lr_d1_N2048_q8_rep5,2,4,2,sm_89,D1_PUSHSIG_OVERLAP,NVSHMEM,C0_DEFAULT,2048,2048,2048,8,5,2097152,20,0,2910.208,2913.696,3409.696,496.000,PASS,0
lr_d1_N2048_q8_rep5,2,4,2,sm_89,D1_PUSHSIG_OVERLAP,NVSHMEM,C0_DEFAULT,2048,2048,2048,8,6,2097152,20,0,3434.816,3438.336,3934.144,495.808,PASS,0
lr_d1_N2048_q8_rep5,2,4,2,sm_89,D1_PUSHSIG_OVERLAP,NVSHMEM,C0_DEFAULT,2048,2048,2048,8,7,2097152,20,0,3959.136,3962.656,4458.528,495.872,PASS,0
lr_d1_N2048_q8_rep5,2,4,2,sm_89,D1_PUSHSIG_OVERLAP,NVSHMEM,C0_DEFAULT,2048,2048,2048,8,0,2097152,21,0,156.416,160.352,662.176,501.824,PASS,0
lr_d1_N2048_q8_rep5,2,4,2,sm_89,D1_PUSHSIG_OVERLAP,NVSHMEM,C0_DEFAULT,2048,2048,2048,8,1,2097152,21,0,706.432,710.048,1210.304,500.256,PASS,0
lr_d1_N2048_q8_rep5,2,4,2,sm_89,D1_PUSHSIG_OVERLAP,NVSHMEM,C0_DEFAULT,2048,2048,2048,8,2,2097152,21,0,1252.864,1256.352,1760.320,503.968,PASS,0
lr_d1_N2048_q8_rep5,2,4,2,sm_89,D1_PUSHSIG_OVERLAP,NVSHMEM,C0_DEFAULT,2048,2048,2048,8,3,2097152,21,0,1807.040,1810.592,2311.264,500.672,PASS,0
lr_d1_N2048_q8_rep5,2,4,2,sm_89,D1_PUSHSIG_OVERLAP,NVSHMEM,C0_DEFAULT,2048,2048,2048,8,4,2097152,21,0,2349.152,2352.640,2853.984,501.344,PASS,0
lr_d1_N2048_q8_rep5,2,4,2,sm_89,D1_PUSHSIG_OVERLAP,NVSHMEM,C0_DEFAULT,2048,2048,2048,8,5,2097152,21,0,2891.296,2894.944,3390.656,495.712,PASS,0
lr_d1_N2048_q8_rep5,2,4,2,sm_89,D1_PUSHSIG_OVERLAP,NVSHMEM,C0_DEFAULT,2048,2048,2048,8,6,2097152,21,0,3416.352,3419.872,3916.000,496.128,PASS,0
lr_d1_N2048_q8_rep5,2,4,2,sm_89,D1_PUSHSIG_OVERLAP,NVSHMEM,C0_DEFAULT,2048,2048,2048,8,7,2097152,21,0,3941.376,3944.896,4440.704,495.808,PASS,0
lr_d1_N2048_q8_rep5,2,4,2,sm_89,D1_PUSHSIG_OVERLAP,NVSHMEM,C0_DEFAULT,2048,2048,2048,8,0,2097152,22,0,159.840,163.776,666.528,502.752,PASS,0
lr_d1_N2048_q8_rep5,2,4,2,sm_89,D1_PUSHSIG_OVERLAP,NVSHMEM,C0_DEFAULT,2048,2048,2048,8,1,2097152,22,0,718.112,732.608,1236.928,504.320,PASS,0
lr_d1_N2048_q8_rep5,2,4,2,sm_89,D1_PUSHSIG_OVERLAP,NVSHMEM,C0_DEFAULT,2048,2048,2048,8,2,2097152,22,0,1282.272,1285.760,1786.048,500.288,PASS,0
lr_d1_N2048_q8_rep5,2,4,2,sm_89,D1_PUSHSIG_OVERLAP,NVSHMEM,C0_DEFAULT,2048,2048,2048,8,3,2097152,22,0,1826.880,1830.336,2330.880,500.544,PASS,0
lr_d1_N2048_q8_rep5,2,4,2,sm_89,D1_PUSHSIG_OVERLAP,NVSHMEM,C0_DEFAULT,2048,2048,2048,8,4,2097152,22,0,2375.104,2378.624,2880.416,501.792,PASS,0
lr_d1_N2048_q8_rep5,2,4,2,sm_89,D1_PUSHSIG_OVERLAP,NVSHMEM,C0_DEFAULT,2048,2048,2048,8,5,2097152,22,0,2917.408,2922.464,3418.368,495.904,PASS,0
lr_d1_N2048_q8_rep5,2,4,2,sm_89,D1_PUSHSIG_OVERLAP,NVSHMEM,C0_DEFAULT,2048,2048,2048,8,6,2097152,22,0,3443.520,3447.008,3943.232,496.224,PASS,0
lr_d1_N2048_q8_rep5,2,4,2,sm_89,D1_PUSHSIG_OVERLAP,NVSHMEM,C0_DEFAULT,2048,2048,2048,8,7,2097152,22,0,3968.768,3972.288,4468.192,495.904,PASS,0
lr_d1_N2048_q8_rep5,2,4,2,sm_89,D1_PUSHSIG_OVERLAP,NVSHMEM,C0_DEFAULT,2048,2048,2048,8,0,2097152,23,0,154.016,157.568,655.616,498.048,PASS,0
lr_d1_N2048_q8_rep5,2,4,2,sm_89,D1_PUSHSIG_OVERLAP,NVSHMEM,C0_DEFAULT,2048,2048,2048,8,1,2097152,23,0,702.496,706.048,1214.624,508.576,PASS,0
lr_d1_N2048_q8_rep5,2,4,2,sm_89,D1_PUSHSIG_OVERLAP,NVSHMEM,C0_DEFAULT,2048,2048,2048,8,2,2097152,23,0,1261.536,1267.136,1778.144,511.008,PASS,0
lr_d1_N2048_q8_rep5,2,4,2,sm_89,D1_PUSHSIG_OVERLAP,NVSHMEM,C0_DEFAULT,2048,2048,2048,8,3,2097152,23,0,1820.224,1823.744,2325.120,501.376,PASS,0
lr_d1_N2048_q8_rep5,2,4,2,sm_89,D1_PUSHSIG_OVERLAP,NVSHMEM,C0_DEFAULT,2048,2048,2048,8,4,2097152,23,0,2387.168,2390.720,2890.272,499.552,PASS,0
lr_d1_N2048_q8_rep5,2,4,2,sm_89,D1_PUSHSIG_OVERLAP,NVSHMEM,C0_DEFAULT,2048,2048,2048,8,5,2097152,23,0,2933.568,2937.280,3433.248,495.968,PASS,0
lr_d1_N2048_q8_rep5,2,4,2,sm_89,D1_PUSHSIG_OVERLAP,NVSHMEM,C0_DEFAULT,2048,2048,2048,8,6,2097152,23,0,3458.496,3462.048,3957.792,495.744,PASS,0
lr_d1_N2048_q8_rep5,2,4,2,sm_89,D1_PUSHSIG_OVERLAP,NVSHMEM,C0_DEFAULT,2048,2048,2048,8,7,2097152,23,0,3983.840,3987.360,4483.136,495.776,PASS,0
lr_d1_N2048_q8_rep5,2,4,2,sm_89,D1_PUSHSIG_OVERLAP,NVSHMEM,C0_DEFAULT,2048,2048,2048,8,0,2097152,24,0,163.136,166.624,669.792,503.168,PASS,0
lr_d1_N2048_q8_rep5,2,4,2,sm_89,D1_PUSHSIG_OVERLAP,NVSHMEM,C0_DEFAULT,2048,2048,2048,8,1,2097152,24,0,715.392,719.072,1220.928,501.856,PASS,0
lr_d1_N2048_q8_rep5,2,4,2,sm_89,D1_PUSHSIG_OVERLAP,NVSHMEM,C0_DEFAULT,2048,2048,2048,8,2,2097152,24,0,1264.960,1270.912,1782.336,511.424,PASS,0
lr_d1_N2048_q8_rep5,2,4,2,sm_89,D1_PUSHSIG_OVERLAP,NVSHMEM,C0_DEFAULT,2048,2048,2048,8,3,2097152,24,0,1828.000,1831.616,2334.560,502.944,PASS,0
lr_d1_N2048_q8_rep5,2,4,2,sm_89,D1_PUSHSIG_OVERLAP,NVSHMEM,C0_DEFAULT,2048,2048,2048,8,4,2097152,24,0,2377.568,2382.848,2879.360,496.512,PASS,0
lr_d1_N2048_q8_rep5,2,4,2,sm_89,D1_PUSHSIG_OVERLAP,NVSHMEM,C0_DEFAULT,2048,2048,2048,8,5,2097152,24,0,2904.320,2907.840,3403.008,495.168,PASS,0
lr_d1_N2048_q8_rep5,2,4,2,sm_89,D1_PUSHSIG_OVERLAP,NVSHMEM,C0_DEFAULT,2048,2048,2048,8,6,2097152,24,0,3427.968,3431.488,3926.848,495.360,PASS,0
lr_d1_N2048_q8_rep5,2,4,2,sm_89,D1_PUSHSIG_OVERLAP,NVSHMEM,C0_DEFAULT,2048,2048,2048,8,7,2097152,24,0,3951.872,3955.360,4451.168,495.808,PASS,0
lr_d1_N2048_q8_rep5,2,4,2,sm_89,D1_PUSHSIG_OVERLAP,NVSHMEM,C0_DEFAULT,2048,2048,2048,8,0,2097152,25,0,163.744,167.392,667.808,500.416,PASS,0
lr_d1_N2048_q8_rep5,2,4,2,sm_89,D1_PUSHSIG_OVERLAP,NVSHMEM,C0_DEFAULT,2048,2048,2048,8,1,2097152,25,0,714.016,717.600,1220.576,502.976,PASS,0
lr_d1_N2048_q8_rep5,2,4,2,sm_89,D1_PUSHSIG_OVERLAP,NVSHMEM,C0_DEFAULT,2048,2048,2048,8,2,2097152,25,0,1262.464,1266.144,1770.304,504.160,PASS,0
lr_d1_N2048_q8_rep5,2,4,2,sm_89,D1_PUSHSIG_OVERLAP,NVSHMEM,C0_DEFAULT,2048,2048,2048,8,3,2097152,25,0,1815.904,1819.424,2318.496,499.072,PASS,0
lr_d1_N2048_q8_rep5,2,4,2,sm_89,D1_PUSHSIG_OVERLAP,NVSHMEM,C0_DEFAULT,2048,2048,2048,8,4,2097152,25,0,2360.064,2363.584,2864.544,500.960,PASS,0
lr_d1_N2048_q8_rep5,2,4,2,sm_89,D1_PUSHSIG_OVERLAP,NVSHMEM,C0_DEFAULT,2048,2048,2048,8,5,2097152,25,0,2913.888,2917.376,3413.216,495.840,PASS,0
lr_d1_N2048_q8_rep5,2,4,2,sm_89,D1_PUSHSIG_OVERLAP,NVSHMEM,C0_DEFAULT,2048,2048,2048,8,6,2097152,25,0,3438.656,3442.240,3937.792,495.552,PASS,0
lr_d1_N2048_q8_rep5,2,4,2,sm_89,D1_PUSHSIG_OVERLAP,NVSHMEM,C0_DEFAULT,2048,2048,2048,8,7,2097152,25,0,3963.104,3966.592,4462.784,496.192,PASS,0
lr_d1_N2048_q8_rep5,2,4,2,sm_89,D1_PUSHSIG_OVERLAP,NVSHMEM,C0_DEFAULT,2048,2048,2048,8,0,2097152,26,0,149.824,155.136,654.976,499.840,PASS,0
lr_d1_N2048_q8_rep5,2,4,2,sm_89,D1_PUSHSIG_OVERLAP,NVSHMEM,C0_DEFAULT,2048,2048,2048,8,1,2097152,26,0,696.576,700.288,1200.512,500.224,PASS,0
lr_d1_N2048_q8_rep5,2,4,2,sm_89,D1_PUSHSIG_OVERLAP,NVSHMEM,C0_DEFAULT,2048,2048,2048,8,2,2097152,26,0,1247.360,1255.712,1762.208,506.496,PASS,0
lr_d1_N2048_q8_rep5,2,4,2,sm_89,D1_PUSHSIG_OVERLAP,NVSHMEM,C0_DEFAULT,2048,2048,2048,8,3,2097152,26,0,1811.616,1822.656,2326.144,503.488,PASS,0
lr_d1_N2048_q8_rep5,2,4,2,sm_89,D1_PUSHSIG_OVERLAP,NVSHMEM,C0_DEFAULT,2048,2048,2048,8,4,2097152,26,0,2361.216,2365.216,2864.352,499.136,PASS,0
lr_d1_N2048_q8_rep5,2,4,2,sm_89,D1_PUSHSIG_OVERLAP,NVSHMEM,C0_DEFAULT,2048,2048,2048,8,5,2097152,26,0,2889.920,2893.408,3389.536,496.128,PASS,0
lr_d1_N2048_q8_rep5,2,4,2,sm_89,D1_PUSHSIG_OVERLAP,NVSHMEM,C0_DEFAULT,2048,2048,2048,8,6,2097152,26,0,3415.040,3418.560,3914.144,495.584,PASS,0
lr_d1_N2048_q8_rep5,2,4,2,sm_89,D1_PUSHSIG_OVERLAP,NVSHMEM,C0_DEFAULT,2048,2048,2048,8,7,2097152,26,0,3939.392,3942.912,4438.912,496.000,PASS,0
lr_d1_N2048_q8_rep5,2,4,2,sm_89,D1_PUSHSIG_OVERLAP,NVSHMEM,C0_DEFAULT,2048,2048,2048,8,0,2097152,27,0,163.072,166.560,671.680,505.120,PASS,0
lr_d1_N2048_q8_rep5,2,4,2,sm_89,D1_PUSHSIG_OVERLAP,NVSHMEM,C0_DEFAULT,2048,2048,2048,8,1,2097152,27,0,718.784,724.672,1230.816,506.144,PASS,0
lr_d1_N2048_q8_rep5,2,4,2,sm_89,D1_PUSHSIG_OVERLAP,NVSHMEM,C0_DEFAULT,2048,2048,2048,8,2,2097152,27,0,1271.232,1275.232,1776.352,501.120,PASS,0
lr_d1_N2048_q8_rep5,2,4,2,sm_89,D1_PUSHSIG_OVERLAP,NVSHMEM,C0_DEFAULT,2048,2048,2048,8,3,2097152,27,0,1816.512,1820.736,2329.024,508.288,PASS,0
lr_d1_N2048_q8_rep5,2,4,2,sm_89,D1_PUSHSIG_OVERLAP,NVSHMEM,C0_DEFAULT,2048,2048,2048,8,4,2097152,27,0,2367.328,2371.648,2871.488,499.840,PASS,0
lr_d1_N2048_q8_rep5,2,4,2,sm_89,D1_PUSHSIG_OVERLAP,NVSHMEM,C0_DEFAULT,2048,2048,2048,8,5,2097152,27,0,2897.248,2900.800,3396.864,496.064,PASS,0
lr_d1_N2048_q8_rep5,2,4,2,sm_89,D1_PUSHSIG_OVERLAP,NVSHMEM,C0_DEFAULT,2048,2048,2048,8,6,2097152,27,0,3422.336,3425.856,3921.856,496.000,PASS,0
lr_d1_N2048_q8_rep5,2,4,2,sm_89,D1_PUSHSIG_OVERLAP,NVSHMEM,C0_DEFAULT,2048,2048,2048,8,7,2097152,27,0,3947.104,3950.624,4446.368,495.744,PASS,0
lr_d1_N2048_q8_rep5,2,4,2,sm_89,D1_PUSHSIG_OVERLAP,NVSHMEM,C0_DEFAULT,2048,2048,2048,8,0,2097152,28,0,173.280,176.704,678.880,502.176,PASS,0
lr_d1_N2048_q8_rep5,2,4,2,sm_89,D1_PUSHSIG_OVERLAP,NVSHMEM,C0_DEFAULT,2048,2048,2048,8,1,2097152,28,0,724.256,729.664,1230.176,500.512,PASS,0
lr_d1_N2048_q8_rep5,2,4,2,sm_89,D1_PUSHSIG_OVERLAP,NVSHMEM,C0_DEFAULT,2048,2048,2048,8,2,2097152,28,0,1272.160,1275.712,1778.752,503.040,PASS,0
lr_d1_N2048_q8_rep5,2,4,2,sm_89,D1_PUSHSIG_OVERLAP,NVSHMEM,C0_DEFAULT,2048,2048,2048,8,3,2097152,28,0,1821.888,1827.328,2344.064,516.736,PASS,0
lr_d1_N2048_q8_rep5,2,4,2,sm_89,D1_PUSHSIG_OVERLAP,NVSHMEM,C0_DEFAULT,2048,2048,2048,8,4,2097152,28,0,2392.000,2403.296,2898.656,495.360,PASS,0
lr_d1_N2048_q8_rep5,2,4,2,sm_89,D1_PUSHSIG_OVERLAP,NVSHMEM,C0_DEFAULT,2048,2048,2048,8,5,2097152,28,0,2923.648,2927.168,3422.784,495.616,PASS,0
lr_d1_N2048_q8_rep5,2,4,2,sm_89,D1_PUSHSIG_OVERLAP,NVSHMEM,C0_DEFAULT,2048,2048,2048,8,6,2097152,28,0,3447.808,3451.296,3946.752,495.456,PASS,0
lr_d1_N2048_q8_rep5,2,4,2,sm_89,D1_PUSHSIG_OVERLAP,NVSHMEM,C0_DEFAULT,2048,2048,2048,8,7,2097152,28,0,3972.000,3975.808,4471.648,495.840,PASS,0
lr_d1_N2048_q8_rep5,2,4,2,sm_89,D1_PUSHSIG_OVERLAP,NVSHMEM,C0_DEFAULT,2048,2048,2048,8,0,2097152,29,0,164.064,167.808,670.720,502.912,PASS,0
lr_d1_N2048_q8_rep5,2,4,2,sm_89,D1_PUSHSIG_OVERLAP,NVSHMEM,C0_DEFAULT,2048,2048,2048,8,1,2097152,29,0,712.352,715.936,1219.680,503.744,PASS,0
lr_d1_N2048_q8_rep5,2,4,2,sm_89,D1_PUSHSIG_OVERLAP,NVSHMEM,C0_DEFAULT,2048,2048,2048,8,2,2097152,29,0,1261.184,1266.304,1765.664,499.360,PASS,0
lr_d1_N2048_q8_rep5,2,4,2,sm_89,D1_PUSHSIG_OVERLAP,NVSHMEM,C0_DEFAULT,2048,2048,2048,8,3,2097152,29,0,1807.712,1811.360,2312.768,501.408,PASS,0
lr_d1_N2048_q8_rep5,2,4,2,sm_89,D1_PUSHSIG_OVERLAP,NVSHMEM,C0_DEFAULT,2048,2048,2048,8,4,2097152,29,0,2354.272,2357.728,2854.336,496.608,PASS,0
lr_d1_N2048_q8_rep5,2,4,2,sm_89,D1_PUSHSIG_OVERLAP,NVSHMEM,C0_DEFAULT,2048,2048,2048,8,5,2097152,29,0,2879.808,2883.328,3379.552,496.224,PASS,0
lr_d1_N2048_q8_rep5,2,4,2,sm_89,D1_PUSHSIG_OVERLAP,NVSHMEM,C0_DEFAULT,2048,2048,2048,8,6,2097152,29,0,3404.832,3408.736,3904.832,496.096,PASS,0
lr_d1_N2048_q8_rep5,2,4,2,sm_89,D1_PUSHSIG_OVERLAP,NVSHMEM,C0_DEFAULT,2048,2048,2048,8,7,2097152,29,0,3930.144,3933.664,4429.632,495.968,PASS,0
lr_d1_N2048_q8_rep5,2,4,2,sm_89,D1_PUSHSIG_OVERLAP,NVSHMEM,C0_DEFAULT,2048,2048,2048,8,0,2097152,30,0,151.008,154.784,655.136,500.352,PASS,0
lr_d1_N2048_q8_rep5,2,4,2,sm_89,D1_PUSHSIG_OVERLAP,NVSHMEM,C0_DEFAULT,2048,2048,2048,8,1,2097152,30,0,697.472,700.960,1202.016,501.056,PASS,0
lr_d1_N2048_q8_rep5,2,4,2,sm_89,D1_PUSHSIG_OVERLAP,NVSHMEM,C0_DEFAULT,2048,2048,2048,8,2,2097152,30,0,1246.048,1250.624,1758.592,507.968,PASS,0
lr_d1_N2048_q8_rep5,2,4,2,sm_89,D1_PUSHSIG_OVERLAP,NVSHMEM,C0_DEFAULT,2048,2048,2048,8,3,2097152,30,0,1803.840,1812.480,2318.112,505.632,PASS,0
lr_d1_N2048_q8_rep5,2,4,2,sm_89,D1_PUSHSIG_OVERLAP,NVSHMEM,C0_DEFAULT,2048,2048,2048,8,4,2097152,30,0,2361.856,2365.408,2866.304,500.896,PASS,0
lr_d1_N2048_q8_rep5,2,4,2,sm_89,D1_PUSHSIG_OVERLAP,NVSHMEM,C0_DEFAULT,2048,2048,2048,8,5,2097152,30,0,2896.288,2899.840,3396.000,496.160,PASS,0
lr_d1_N2048_q8_rep5,2,4,2,sm_89,D1_PUSHSIG_OVERLAP,NVSHMEM,C0_DEFAULT,2048,2048,2048,8,6,2097152,30,0,3421.376,3424.896,3920.192,495.296,PASS,0
lr_d1_N2048_q8_rep5,2,4,2,sm_89,D1_PUSHSIG_OVERLAP,NVSHMEM,C0_DEFAULT,2048,2048,2048,8,7,2097152,30,0,3945.440,3948.960,4445.088,496.128,PASS,0
lr_d1_N2048_q8_rep5,2,4,2,sm_89,D1_PUSHSIG_OVERLAP,NVSHMEM,C0_DEFAULT,2048,2048,2048,8,0,2097152,31,0,142.816,146.464,655.296,508.832,PASS,0
lr_d1_N2048_q8_rep5,2,4,2,sm_89,D1_PUSHSIG_OVERLAP,NVSHMEM,C0_DEFAULT,2048,2048,2048,8,1,2097152,31,0,700.352,703.744,1207.616,503.872,PASS,0
lr_d1_N2048_q8_rep5,2,4,2,sm_89,D1_PUSHSIG_OVERLAP,NVSHMEM,C0_DEFAULT,2048,2048,2048,8,2,2097152,31,0,1260.032,1275.936,1778.560,502.624,PASS,0
lr_d1_N2048_q8_rep5,2,4,2,sm_89,D1_PUSHSIG_OVERLAP,NVSHMEM,C0_DEFAULT,2048,2048,2048,8,3,2097152,31,0,1818.080,1823.584,2324.960,501.376,PASS,0
lr_d1_N2048_q8_rep5,2,4,2,sm_89,D1_PUSHSIG_OVERLAP,NVSHMEM,C0_DEFAULT,2048,2048,2048,8,4,2097152,31,0,2353.280,2356.800,2852.768,495.968,PASS,0
lr_d1_N2048_q8_rep5,2,4,2,sm_89,D1_PUSHSIG_OVERLAP,NVSHMEM,C0_DEFAULT,2048,2048,2048,8,5,2097152,31,0,2878.240,2881.760,3377.984,496.224,PASS,0
lr_d1_N2048_q8_rep5,2,4,2,sm_89,D1_PUSHSIG_OVERLAP,NVSHMEM,C0_DEFAULT,2048,2048,2048,8,6,2097152,31,0,3403.392,3406.912,3903.104,496.192,PASS,0
lr_d1_N2048_q8_rep5,2,4,2,sm_89,D1_PUSHSIG_OVERLAP,NVSHMEM,C0_DEFAULT,2048,2048,2048,8,7,2097152,31,0,3928.384,3932.096,4427.712,495.616,PASS,0
lr_d1_N2048_q8_rep5,2,4,2,sm_89,D1_PUSHSIG_OVERLAP,NVSHMEM,C0_DEFAULT,2048,2048,2048,8,0,2097152,32,0,165.856,169.376,670.912,501.536,PASS,0
lr_d1_N2048_q8_rep5,2,4,2,sm_89,D1_PUSHSIG_OVERLAP,NVSHMEM,C0_DEFAULT,2048,2048,2048,8,1,2097152,32,0,714.464,719.520,1222.848,503.328,PASS,0
lr_d1_N2048_q8_rep5,2,4,2,sm_89,D1_PUSHSIG_OVERLAP,NVSHMEM,C0_DEFAULT,2048,2048,2048,8,2,2097152,32,0,1270.784,1274.336,1778.048,503.712,PASS,0
lr_d1_N2048_q8_rep5,2,4,2,sm_89,D1_PUSHSIG_OVERLAP,NVSHMEM,C0_DEFAULT,2048,2048,2048,8,3,2097152,32,0,1826.144,1829.632,2333.088,503.456,PASS,0
lr_d1_N2048_q8_rep5,2,4,2,sm_89,D1_PUSHSIG_OVERLAP,NVSHMEM,C0_DEFAULT,2048,2048,2048,8,4,2097152,32,0,2373.440,2378.176,2886.208,508.032,PASS,0
lr_d1_N2048_q8_rep5,2,4,2,sm_89,D1_PUSHSIG_OVERLAP,NVSHMEM,C0_DEFAULT,2048,2048,2048,8,5,2097152,32,0,2929.856,2933.376,3429.312,495.936,PASS,0
lr_d1_N2048_q8_rep5,2,4,2,sm_89,D1_PUSHSIG_OVERLAP,NVSHMEM,C0_DEFAULT,2048,2048,2048,8,6,2097152,32,0,3454.400,3457.920,3953.888,495.968,PASS,0
lr_d1_N2048_q8_rep5,2,4,2,sm_89,D1_PUSHSIG_OVERLAP,NVSHMEM,C0_DEFAULT,2048,2048,2048,8,7,2097152,32,0,3978.880,3982.400,4478.656,496.256,PASS,0
lr_d1_N2048_q8_rep5,2,4,2,sm_89,D1_PUSHSIG_OVERLAP,NVSHMEM,C0_DEFAULT,2048,2048,2048,8,0,2097152,33,0,155.104,158.656,662.912,504.256,PASS,0
lr_d1_N2048_q8_rep5,2,4,2,sm_89,D1_PUSHSIG_OVERLAP,NVSHMEM,C0_DEFAULT,2048,2048,2048,8,1,2097152,33,0,704.768,710.272,1211.392,501.120,PASS,0
lr_d1_N2048_q8_rep5,2,4,2,sm_89,D1_PUSHSIG_OVERLAP,NVSHMEM,C0_DEFAULT,2048,2048,2048,8,2,2097152,33,0,1251.360,1256.288,1760.032,503.744,PASS,0
lr_d1_N2048_q8_rep5,2,4,2,sm_89,D1_PUSHSIG_OVERLAP,NVSHMEM,C0_DEFAULT,2048,2048,2048,8,3,2097152,33,0,1799.264,1802.848,2304.544,501.696,PASS,0
lr_d1_N2048_q8_rep5,2,4,2,sm_89,D1_PUSHSIG_OVERLAP,NVSHMEM,C0_DEFAULT,2048,2048,2048,8,4,2097152,33,0,2346.304,2350.144,2851.648,501.504,PASS,0
lr_d1_N2048_q8_rep5,2,4,2,sm_89,D1_PUSHSIG_OVERLAP,NVSHMEM,C0_DEFAULT,2048,2048,2048,8,5,2097152,33,0,2891.872,2895.392,3391.392,496.000,PASS,0
lr_d1_N2048_q8_rep5,2,4,2,sm_89,D1_PUSHSIG_OVERLAP,NVSHMEM,C0_DEFAULT,2048,2048,2048,8,6,2097152,33,0,3416.672,3420.160,3915.648,495.488,PASS,0
lr_d1_N2048_q8_rep5,2,4,2,sm_89,D1_PUSHSIG_OVERLAP,NVSHMEM,C0_DEFAULT,2048,2048,2048,8,7,2097152,33,0,3940.896,3944.416,4440.544,496.128,PASS,0
lr_d1_N2048_q8_rep5,2,4,2,sm_89,D1_PUSHSIG_OVERLAP,NVSHMEM,C0_DEFAULT,2048,2048,2048,8,0,2097152,34,0,164.000,168.448,667.680,499.232,PASS,0
lr_d1_N2048_q8_rep5,2,4,2,sm_89,D1_PUSHSIG_OVERLAP,NVSHMEM,C0_DEFAULT,2048,2048,2048,8,1,2097152,34,0,716.704,721.664,1222.496,500.832,PASS,0
lr_d1_N2048_q8_rep5,2,4,2,sm_89,D1_PUSHSIG_OVERLAP,NVSHMEM,C0_DEFAULT,2048,2048,2048,8,2,2097152,34,0,1263.968,1267.872,1768.672,500.800,PASS,0
lr_d1_N2048_q8_rep5,2,4,2,sm_89,D1_PUSHSIG_OVERLAP,NVSHMEM,C0_DEFAULT,2048,2048,2048,8,3,2097152,34,0,1809.920,1813.536,2313.760,500.224,PASS,0
lr_d1_N2048_q8_rep5,2,4,2,sm_89,D1_PUSHSIG_OVERLAP,NVSHMEM,C0_DEFAULT,2048,2048,2048,8,4,2097152,34,0,2353.344,2357.088,2859.648,502.560,PASS,0
lr_d1_N2048_q8_rep5,2,4,2,sm_89,D1_PUSHSIG_OVERLAP,NVSHMEM,C0_DEFAULT,2048,2048,2048,8,5,2097152,34,0,2892.864,2896.384,3391.968,495.584,PASS,0
lr_d1_N2048_q8_rep5,2,4,2,sm_89,D1_PUSHSIG_OVERLAP,NVSHMEM,C0_DEFAULT,2048,2048,2048,8,6,2097152,34,0,3417.344,3420.864,3916.416,495.552,PASS,0
lr_d1_N2048_q8_rep5,2,4,2,sm_89,D1_PUSHSIG_OVERLAP,NVSHMEM,C0_DEFAULT,2048,2048,2048,8,7,2097152,34,0,3942.080,3945.536,4442.400,496.864,PASS,0
lr_d1_N2048_q8_rep5,2,4,2,sm_89,D1_PUSHSIG_OVERLAP,NVSHMEM,C0_DEFAULT,2048,2048,2048,8,0,2097152,35,0,167.200,170.688,673.568,502.880,PASS,0
lr_d1_N2048_q8_rep5,2,4,2,sm_89,D1_PUSHSIG_OVERLAP,NVSHMEM,C0_DEFAULT,2048,2048,2048,8,1,2097152,35,0,718.048,721.728,1226.016,504.288,PASS,0
lr_d1_N2048_q8_rep5,2,4,2,sm_89,D1_PUSHSIG_OVERLAP,NVSHMEM,C0_DEFAULT,2048,2048,2048,8,2,2097152,35,0,1271.936,1277.536,1778.784,501.248,PASS,0
lr_d1_N2048_q8_rep5,2,4,2,sm_89,D1_PUSHSIG_OVERLAP,NVSHMEM,C0_DEFAULT,2048,2048,2048,8,3,2097152,35,0,1820.000,1825.984,2334.496,508.512,PASS,0
lr_d1_N2048_q8_rep5,2,4,2,sm_89,D1_PUSHSIG_OVERLAP,NVSHMEM,C0_DEFAULT,2048,2048,2048,8,4,2097152,35,0,2366.912,2370.432,2866.688,496.256,PASS,0
lr_d1_N2048_q8_rep5,2,4,2,sm_89,D1_PUSHSIG_OVERLAP,NVSHMEM,C0_DEFAULT,2048,2048,2048,8,5,2097152,35,0,2891.968,2895.616,3391.264,495.648,PASS,0
lr_d1_N2048_q8_rep5,2,4,2,sm_89,D1_PUSHSIG_OVERLAP,NVSHMEM,C0_DEFAULT,2048,2048,2048,8,6,2097152,35,0,3416.736,3420.256,3916.096,495.840,PASS,0
lr_d1_N2048_q8_rep5,2,4,2,sm_89,D1_PUSHSIG_OVERLAP,NVSHMEM,C0_DEFAULT,2048,2048,2048,8,7,2097152,35,0,3941.440,3944.960,4441.088,496.128,PASS,0
lr_d1_N2048_q8_rep5,2,4,2,sm_89,D1_PUSHSIG_OVERLAP,NVSHMEM,C0_DEFAULT,2048,2048,2048,8,0,2097152,36,0,167.232,170.944,674.944,504.000,PASS,0
lr_d1_N2048_q8_rep5,2,4,2,sm_89,D1_PUSHSIG_OVERLAP,NVSHMEM,C0_DEFAULT,2048,2048,2048,8,1,2097152,36,0,715.776,721.920,1230.336,508.416,PASS,0
lr_d1_N2048_q8_rep5,2,4,2,sm_89,D1_PUSHSIG_OVERLAP,NVSHMEM,C0_DEFAULT,2048,2048,2048,8,2,2097152,36,0,1275.552,1280.672,1782.432,501.760,PASS,0
lr_d1_N2048_q8_rep5,2,4,2,sm_89,D1_PUSHSIG_OVERLAP,NVSHMEM,C0_DEFAULT,2048,2048,2048,8,3,2097152,36,0,1825.152,1828.832,2331.040,502.208,PASS,0
lr_d1_N2048_q8_rep5,2,4,2,sm_89,D1_PUSHSIG_OVERLAP,NVSHMEM,C0_DEFAULT,2048,2048,2048,8,4,2097152,36,0,2372.672,2376.256,2872.128,495.872,PASS,0
lr_d1_N2048_q8_rep5,2,4,2,sm_89,D1_PUSHSIG_OVERLAP,NVSHMEM,C0_DEFAULT,2048,2048,2048,8,5,2097152,36,0,2898.048,2901.600,3397.344,495.744,PASS,0
lr_d1_N2048_q8_rep5,2,4,2,sm_89,D1_PUSHSIG_OVERLAP,NVSHMEM,C0_DEFAULT,2048,2048,2048,8,6,2097152,36,0,3422.368,3425.888,3921.920,496.032,PASS,0
lr_d1_N2048_q8_rep5,2,4,2,sm_89,D1_PUSHSIG_OVERLAP,NVSHMEM,C0_DEFAULT,2048,2048,2048,8,7,2097152,36,0,3946.944,3950.464,4446.400,495.936,PASS,0
lr_d1_N2048_q8_rep5,2,4,2,sm_89,D1_PUSHSIG_OVERLAP,NVSHMEM,C0_DEFAULT,2048,2048,2048,8,0,2097152,37,0,157.024,162.496,667.936,505.440,PASS,0
lr_d1_N2048_q8_rep5,2,4,2,sm_89,D1_PUSHSIG_OVERLAP,NVSHMEM,C0_DEFAULT,2048,2048,2048,8,1,2097152,37,0,714.752,718.304,1219.136,500.832,PASS,0
lr_d1_N2048_q8_rep5,2,4,2,sm_89,D1_PUSHSIG_OVERLAP,NVSHMEM,C0_DEFAULT,2048,2048,2048,8,2,2097152,37,0,1259.840,1272.064,1777.568,505.504,PASS,0
lr_d1_N2048_q8_rep5,2,4,2,sm_89,D1_PUSHSIG_OVERLAP,NVSHMEM,C0_DEFAULT,2048,2048,2048,8,3,2097152,37,0,1816.928,1820.704,2323.552,502.848,PASS,0
lr_d1_N2048_q8_rep5,2,4,2,sm_89,D1_PUSHSIG_OVERLAP,NVSHMEM,C0_DEFAULT,2048,2048,2048,8,4,2097152,37,0,2365.152,2374.208,2873.888,499.680,PASS,0
lr_d1_N2048_q8_rep5,2,4,2,sm_89,D1_PUSHSIG_OVERLAP,NVSHMEM,C0_DEFAULT,2048,2048,2048,8,5,2097152,37,0,2901.984,2905.696,3401.600,495.904,PASS,0
lr_d1_N2048_q8_rep5,2,4,2,sm_89,D1_PUSHSIG_OVERLAP,NVSHMEM,C0_DEFAULT,2048,2048,2048,8,6,2097152,37,0,3427.392,3430.880,3926.656,495.776,PASS,0
lr_d1_N2048_q8_rep5,2,4,2,sm_89,D1_PUSHSIG_OVERLAP,NVSHMEM,C0_DEFAULT,2048,2048,2048,8,7,2097152,37,0,3951.776,3955.296,4451.200,495.904,PASS,0
lr_d1_N2048_q8_rep5,2,4,2,sm_89,D1_PUSHSIG_OVERLAP,NVSHMEM,C0_DEFAULT,2048,2048,2048,8,0,2097152,38,0,161.120,165.024,667.968,502.944,PASS,0
lr_d1_N2048_q8_rep5,2,4,2,sm_89,D1_PUSHSIG_OVERLAP,NVSHMEM,C0_DEFAULT,2048,2048,2048,8,1,2097152,38,0,715.936,719.392,1223.264,503.872,PASS,0
lr_d1_N2048_q8_rep5,2,4,2,sm_89,D1_PUSHSIG_OVERLAP,NVSHMEM,C0_DEFAULT,2048,2048,2048,8,2,2097152,38,0,1265.184,1268.736,1771.136,502.400,PASS,0
lr_d1_N2048_q8_rep5,2,4,2,sm_89,D1_PUSHSIG_OVERLAP,NVSHMEM,C0_DEFAULT,2048,2048,2048,8,3,2097152,38,0,1811.200,1814.656,2320.096,505.440,PASS,0
lr_d1_N2048_q8_rep5,2,4,2,sm_89,D1_PUSHSIG_OVERLAP,NVSHMEM,C0_DEFAULT,2048,2048,2048,8,4,2097152,38,0,2362.816,2366.272,2865.312,499.040,PASS,0
lr_d1_N2048_q8_rep5,2,4,2,sm_89,D1_PUSHSIG_OVERLAP,NVSHMEM,C0_DEFAULT,2048,2048,2048,8,5,2097152,38,0,2890.592,2894.080,3390.080,496.000,PASS,0
lr_d1_N2048_q8_rep5,2,4,2,sm_89,D1_PUSHSIG_OVERLAP,NVSHMEM,C0_DEFAULT,2048,2048,2048,8,6,2097152,38,0,3415.328,3418.848,3915.360,496.512,PASS,0
lr_d1_N2048_q8_rep5,2,4,2,sm_89,D1_PUSHSIG_OVERLAP,NVSHMEM,C0_DEFAULT,2048,2048,2048,8,7,2097152,38,0,3940.704,3944.224,4440.096,495.872,PASS,0
lr_d1_N2048_q8_rep5,2,4,2,sm_89,D1_PUSHSIG_OVERLAP,NVSHMEM,C0_DEFAULT,2048,2048,2048,8,0,2097152,39,0,127.936,134.880,637.792,502.912,PASS,0
lr_d1_N2048_q8_rep5,2,4,2,sm_89,D1_PUSHSIG_OVERLAP,NVSHMEM,C0_DEFAULT,2048,2048,2048,8,1,2097152,39,0,686.432,692.960,1203.648,510.688,PASS,0
lr_d1_N2048_q8_rep5,2,4,2,sm_89,D1_PUSHSIG_OVERLAP,NVSHMEM,C0_DEFAULT,2048,2048,2048,8,2,2097152,39,0,1242.720,1247.328,1757.088,509.760,PASS,0
lr_d1_N2048_q8_rep5,2,4,2,sm_89,D1_PUSHSIG_OVERLAP,NVSHMEM,C0_DEFAULT,2048,2048,2048,8,3,2097152,39,0,1801.504,1805.600,2306.368,500.768,PASS,0
lr_d1_N2048_q8_rep5,2,4,2,sm_89,D1_PUSHSIG_OVERLAP,NVSHMEM,C0_DEFAULT,2048,2048,2048,8,4,2097152,39,0,2341.920,2345.408,2841.024,495.616,PASS,0
lr_d1_N2048_q8_rep5,2,4,2,sm_89,D1_PUSHSIG_OVERLAP,NVSHMEM,C0_DEFAULT,2048,2048,2048,8,5,2097152,39,0,2866.336,2869.824,3365.408,495.584,PASS,0
lr_d1_N2048_q8_rep5,2,4,2,sm_89,D1_PUSHSIG_OVERLAP,NVSHMEM,C0_DEFAULT,2048,2048,2048,8,6,2097152,39,0,3390.688,3394.208,3890.240,496.032,PASS,0
lr_d1_N2048_q8_rep5,2,4,2,sm_89,D1_PUSHSIG_OVERLAP,NVSHMEM,C0_DEFAULT,2048,2048,2048,8,7,2097152,39,0,3915.776,3919.296,4415.168,495.872,PASS,0
lr_d1_N2048_q8_rep5,2,4,2,sm_89,D1_PUSHSIG_OVERLAP,NVSHMEM,C0_DEFAULT,2048,2048,2048,8,0,2097152,40,0,153.120,158.176,660.352,502.176,PASS,0
lr_d1_N2048_q8_rep5,2,4,2,sm_89,D1_PUSHSIG_OVERLAP,NVSHMEM,C0_DEFAULT,2048,2048,2048,8,1,2097152,40,0,705.792,714.912,1220.544,505.632,PASS,0
lr_d1_N2048_q8_rep5,2,4,2,sm_89,D1_PUSHSIG_OVERLAP,NVSHMEM,C0_DEFAULT,2048,2048,2048,8,2,2097152,40,0,1259.808,1263.328,1765.504,502.176,PASS,0
lr_d1_N2048_q8_rep5,2,4,2,sm_89,D1_PUSHSIG_OVERLAP,NVSHMEM,C0_DEFAULT,2048,2048,2048,8,3,2097152,40,0,1808.576,1812.224,2313.504,501.280,PASS,0
lr_d1_N2048_q8_rep5,2,4,2,sm_89,D1_PUSHSIG_OVERLAP,NVSHMEM,C0_DEFAULT,2048,2048,2048,8,4,2097152,40,0,2356.800,2360.320,2860.896,500.576,PASS,0
lr_d1_N2048_q8_rep5,2,4,2,sm_89,D1_PUSHSIG_OVERLAP,NVSHMEM,C0_DEFAULT,2048,2048,2048,8,5,2097152,40,0,2894.464,2897.984,3393.888,495.904,PASS,0
lr_d1_N2048_q8_rep5,2,4,2,sm_89,D1_PUSHSIG_OVERLAP,NVSHMEM,C0_DEFAULT,2048,2048,2048,8,6,2097152,40,0,3419.488,3422.976,3918.784,495.808,PASS,0
lr_d1_N2048_q8_rep5,2,4,2,sm_89,D1_PUSHSIG_OVERLAP,NVSHMEM,C0_DEFAULT,2048,2048,2048,8,7,2097152,40,0,3944.128,3947.648,4443.744,496.096,PASS,0
lr_d1_N2048_q8_rep5,2,4,2,sm_89,D1_PUSHSIG_OVERLAP,NVSHMEM,C0_DEFAULT,2048,2048,2048,8,0,2097152,41,0,177.056,180.736,679.552,498.816,PASS,0
lr_d1_N2048_q8_rep5,2,4,2,sm_89,D1_PUSHSIG_OVERLAP,NVSHMEM,C0_DEFAULT,2048,2048,2048,8,1,2097152,41,0,723.488,727.168,1228.896,501.728,PASS,0
lr_d1_N2048_q8_rep5,2,4,2,sm_89,D1_PUSHSIG_OVERLAP,NVSHMEM,C0_DEFAULT,2048,2048,2048,8,2,2097152,41,0,1270.272,1275.488,1784.960,509.472,PASS,0
lr_d1_N2048_q8_rep5,2,4,2,sm_89,D1_PUSHSIG_OVERLAP,NVSHMEM,C0_DEFAULT,2048,2048,2048,8,3,2097152,41,0,1829.248,1834.944,2345.792,510.848,PASS,0
lr_d1_N2048_q8_rep5,2,4,2,sm_89,D1_PUSHSIG_OVERLAP,NVSHMEM,C0_DEFAULT,2048,2048,2048,8,4,2097152,41,0,2385.696,2392.384,2890.240,497.856,PASS,0
lr_d1_N2048_q8_rep5,2,4,2,sm_89,D1_PUSHSIG_OVERLAP,NVSHMEM,C0_DEFAULT,2048,2048,2048,8,5,2097152,41,0,2915.584,2919.104,3415.360,496.256,PASS,0
lr_d1_N2048_q8_rep5,2,4,2,sm_89,D1_PUSHSIG_OVERLAP,NVSHMEM,C0_DEFAULT,2048,2048,2048,8,6,2097152,41,0,3440.640,3444.160,3940.064,495.904,PASS,0
lr_d1_N2048_q8_rep5,2,4,2,sm_89,D1_PUSHSIG_OVERLAP,NVSHMEM,C0_DEFAULT,2048,2048,2048,8,7,2097152,41,0,3965.600,3969.088,4465.728,496.640,PASS,0
lr_d1_N2048_q8_rep5,2,4,2,sm_89,D1_PUSHSIG_OVERLAP,NVSHMEM,C0_DEFAULT,2048,2048,2048,8,0,2097152,42,0,162.400,166.464,666.944,500.480,PASS,0
lr_d1_N2048_q8_rep5,2,4,2,sm_89,D1_PUSHSIG_OVERLAP,NVSHMEM,C0_DEFAULT,2048,2048,2048,8,1,2097152,42,0,711.136,716.608,1216.480,499.872,PASS,0
lr_d1_N2048_q8_rep5,2,4,2,sm_89,D1_PUSHSIG_OVERLAP,NVSHMEM,C0_DEFAULT,2048,2048,2048,8,2,2097152,42,0,1259.552,1263.232,1764.928,501.696,PASS,0
lr_d1_N2048_q8_rep5,2,4,2,sm_89,D1_PUSHSIG_OVERLAP,NVSHMEM,C0_DEFAULT,2048,2048,2048,8,3,2097152,42,0,1807.520,1813.440,2326.528,513.088,PASS,0
lr_d1_N2048_q8_rep5,2,4,2,sm_89,D1_PUSHSIG_OVERLAP,NVSHMEM,C0_DEFAULT,2048,2048,2048,8,4,2097152,42,0,2365.856,2369.312,2871.136,501.824,PASS,0
lr_d1_N2048_q8_rep5,2,4,2,sm_89,D1_PUSHSIG_OVERLAP,NVSHMEM,C0_DEFAULT,2048,2048,2048,8,5,2097152,42,0,2903.296,2907.008,3402.624,495.616,PASS,0
lr_d1_N2048_q8_rep5,2,4,2,sm_89,D1_PUSHSIG_OVERLAP,NVSHMEM,C0_DEFAULT,2048,2048,2048,8,6,2097152,42,0,3428.224,3431.744,3927.488,495.744,PASS,0
lr_d1_N2048_q8_rep5,2,4,2,sm_89,D1_PUSHSIG_OVERLAP,NVSHMEM,C0_DEFAULT,2048,2048,2048,8,7,2097152,42,0,3953.088,3956.576,4453.440,496.864,PASS,0
lr_d1_N2048_q8_rep5,2,4,2,sm_89,D1_PUSHSIG_OVERLAP,NVSHMEM,C0_DEFAULT,2048,2048,2048,8,0,2097152,43,0,155.936,163.808,666.304,502.496,PASS,0
lr_d1_N2048_q8_rep5,2,4,2,sm_89,D1_PUSHSIG_OVERLAP,NVSHMEM,C0_DEFAULT,2048,2048,2048,8,1,2097152,43,0,708.800,712.448,1213.600,501.152,PASS,0
lr_d1_N2048_q8_rep5,2,4,2,sm_89,D1_PUSHSIG_OVERLAP,NVSHMEM,C0_DEFAULT,2048,2048,2048,8,2,2097152,43,0,1259.776,1267.584,1771.808,504.224,PASS,0
lr_d1_N2048_q8_rep5,2,4,2,sm_89,D1_PUSHSIG_OVERLAP,NVSHMEM,C0_DEFAULT,2048,2048,2048,8,3,2097152,43,0,1812.768,1818.976,2322.080,503.104,PASS,0
lr_d1_N2048_q8_rep5,2,4,2,sm_89,D1_PUSHSIG_OVERLAP,NVSHMEM,C0_DEFAULT,2048,2048,2048,8,4,2097152,43,0,2360.896,2365.216,2865.440,500.224,PASS,0
lr_d1_N2048_q8_rep5,2,4,2,sm_89,D1_PUSHSIG_OVERLAP,NVSHMEM,C0_DEFAULT,2048,2048,2048,8,5,2097152,43,0,2890.624,2894.240,3389.792,495.552,PASS,0
lr_d1_N2048_q8_rep5,2,4,2,sm_89,D1_PUSHSIG_OVERLAP,NVSHMEM,C0_DEFAULT,2048,2048,2048,8,6,2097152,43,0,3415.712,3419.264,3914.496,495.232,PASS,0
lr_d1_N2048_q8_rep5,2,4,2,sm_89,D1_PUSHSIG_OVERLAP,NVSHMEM,C0_DEFAULT,2048,2048,2048,8,7,2097152,43,0,3939.808,3943.264,4440.000,496.736,PASS,0
lr_d1_N2048_q8_rep5,2,4,2,sm_89,D1_PUSHSIG_OVERLAP,NVSHMEM,C0_DEFAULT,2048,2048,2048,8,0,2097152,44,0,155.136,160.096,663.456,503.360,PASS,0
lr_d1_N2048_q8_rep5,2,4,2,sm_89,D1_PUSHSIG_OVERLAP,NVSHMEM,C0_DEFAULT,2048,2048,2048,8,1,2097152,44,0,711.008,717.280,1223.520,506.240,PASS,0
lr_d1_N2048_q8_rep5,2,4,2,sm_89,D1_PUSHSIG_OVERLAP,NVSHMEM,C0_DEFAULT,2048,2048,2048,8,2,2097152,44,0,1267.584,1271.072,1773.152,502.080,PASS,0
lr_d1_N2048_q8_rep5,2,4,2,sm_89,D1_PUSHSIG_OVERLAP,NVSHMEM,C0_DEFAULT,2048,2048,2048,8,3,2097152,44,0,1820.096,1826.144,2332.672,506.528,PASS,0
lr_d1_N2048_q8_rep5,2,4,2,sm_89,D1_PUSHSIG_OVERLAP,NVSHMEM,C0_DEFAULT,2048,2048,2048,8,4,2097152,44,0,2373.632,2377.152,2874.304,497.152,PASS,0
lr_d1_N2048_q8_rep5,2,4,2,sm_89,D1_PUSHSIG_OVERLAP,NVSHMEM,C0_DEFAULT,2048,2048,2048,8,5,2097152,44,0,2899.424,2902.912,3398.528,495.616,PASS,0
lr_d1_N2048_q8_rep5,2,4,2,sm_89,D1_PUSHSIG_OVERLAP,NVSHMEM,C0_DEFAULT,2048,2048,2048,8,6,2097152,44,0,3424.224,3427.744,3923.296,495.552,PASS,0
lr_d1_N2048_q8_rep5,2,4,2,sm_89,D1_PUSHSIG_OVERLAP,NVSHMEM,C0_DEFAULT,2048,2048,2048,8,7,2097152,44,0,3948.320,3951.872,4447.552,495.680,PASS,0
lr_d1_N2048_q8_rep5,2,4,2,sm_89,D1_PUSHSIG_OVERLAP,NVSHMEM,C0_DEFAULT,2048,2048,2048,8,0,2097152,45,0,160.064,163.552,669.376,505.824,PASS,0
lr_d1_N2048_q8_rep5,2,4,2,sm_89,D1_PUSHSIG_OVERLAP,NVSHMEM,C0_DEFAULT,2048,2048,2048,8,1,2097152,45,0,717.120,750.752,1260.352,509.600,PASS,0
lr_d1_N2048_q8_rep5,2,4,2,sm_89,D1_PUSHSIG_OVERLAP,NVSHMEM,C0_DEFAULT,2048,2048,2048,8,2,2097152,45,0,1319.904,1327.392,1827.328,499.936,PASS,0
lr_d1_N2048_q8_rep5,2,4,2,sm_89,D1_PUSHSIG_OVERLAP,NVSHMEM,C0_DEFAULT,2048,2048,2048,8,3,2097152,45,0,1865.888,1869.440,2372.320,502.880,PASS,0
lr_d1_N2048_q8_rep5,2,4,2,sm_89,D1_PUSHSIG_OVERLAP,NVSHMEM,C0_DEFAULT,2048,2048,2048,8,4,2097152,45,0,2407.200,2410.624,2909.632,499.008,PASS,0
lr_d1_N2048_q8_rep5,2,4,2,sm_89,D1_PUSHSIG_OVERLAP,NVSHMEM,C0_DEFAULT,2048,2048,2048,8,5,2097152,45,0,2935.296,2938.784,3435.232,496.448,PASS,0
lr_d1_N2048_q8_rep5,2,4,2,sm_89,D1_PUSHSIG_OVERLAP,NVSHMEM,C0_DEFAULT,2048,2048,2048,8,6,2097152,45,0,3460.512,3464.000,3959.680,495.680,PASS,0
lr_d1_N2048_q8_rep5,2,4,2,sm_89,D1_PUSHSIG_OVERLAP,NVSHMEM,C0_DEFAULT,2048,2048,2048,8,7,2097152,45,0,3985.472,3988.992,4485.568,496.576,PASS,0
lr_d1_N2048_q8_rep5,2,4,2,sm_89,D1_PUSHSIG_OVERLAP,NVSHMEM,C0_DEFAULT,2048,2048,2048,8,0,2097152,46,0,155.616,159.136,662.592,503.456,PASS,0
lr_d1_N2048_q8_rep5,2,4,2,sm_89,D1_PUSHSIG_OVERLAP,NVSHMEM,C0_DEFAULT,2048,2048,2048,8,1,2097152,46,0,703.328,709.728,1216.000,506.272,PASS,0
lr_d1_N2048_q8_rep5,2,4,2,sm_89,D1_PUSHSIG_OVERLAP,NVSHMEM,C0_DEFAULT,2048,2048,2048,8,2,2097152,46,0,1260.896,1264.992,1764.832,499.840,PASS,0
lr_d1_N2048_q8_rep5,2,4,2,sm_89,D1_PUSHSIG_OVERLAP,NVSHMEM,C0_DEFAULT,2048,2048,2048,8,3,2097152,46,0,1804.992,1809.184,2312.608,503.424,PASS,0
lr_d1_N2048_q8_rep5,2,4,2,sm_89,D1_PUSHSIG_OVERLAP,NVSHMEM,C0_DEFAULT,2048,2048,2048,8,4,2097152,46,0,2358.560,2362.624,2858.112,495.488,PASS,0
lr_d1_N2048_q8_rep5,2,4,2,sm_89,D1_PUSHSIG_OVERLAP,NVSHMEM,C0_DEFAULT,2048,2048,2048,8,5,2097152,46,0,2883.520,2887.136,3383.008,495.872,PASS,0
lr_d1_N2048_q8_rep5,2,4,2,sm_89,D1_PUSHSIG_OVERLAP,NVSHMEM,C0_DEFAULT,2048,2048,2048,8,6,2097152,46,0,3408.480,3412.000,3907.680,495.680,PASS,0
lr_d1_N2048_q8_rep5,2,4,2,sm_89,D1_PUSHSIG_OVERLAP,NVSHMEM,C0_DEFAULT,2048,2048,2048,8,7,2097152,46,0,3933.056,3936.672,4432.704,496.032,PASS,0
lr_d1_N2048_q8_rep5,2,4,2,sm_89,D1_PUSHSIG_OVERLAP,NVSHMEM,C0_DEFAULT,2048,2048,2048,8,0,2097152,47,0,157.056,164.288,664.576,500.288,PASS,0
lr_d1_N2048_q8_rep5,2,4,2,sm_89,D1_PUSHSIG_OVERLAP,NVSHMEM,C0_DEFAULT,2048,2048,2048,8,1,2097152,47,0,717.088,720.896,1225.888,504.992,PASS,0
lr_d1_N2048_q8_rep5,2,4,2,sm_89,D1_PUSHSIG_OVERLAP,NVSHMEM,C0_DEFAULT,2048,2048,2048,8,2,2097152,47,0,1270.208,1275.584,1788.704,513.120,PASS,0
lr_d1_N2048_q8_rep5,2,4,2,sm_89,D1_PUSHSIG_OVERLAP,NVSHMEM,C0_DEFAULT,2048,2048,2048,8,3,2097152,47,0,1828.320,1831.808,2332.768,500.960,PASS,0
lr_d1_N2048_q8_rep5,2,4,2,sm_89,D1_PUSHSIG_OVERLAP,NVSHMEM,C0_DEFAULT,2048,2048,2048,8,4,2097152,47,0,2375.488,2383.968,2880.640,496.672,PASS,0
lr_d1_N2048_q8_rep5,2,4,2,sm_89,D1_PUSHSIG_OVERLAP,NVSHMEM,C0_DEFAULT,2048,2048,2048,8,5,2097152,47,0,2906.400,2909.888,3405.568,495.680,PASS,0
lr_d1_N2048_q8_rep5,2,4,2,sm_89,D1_PUSHSIG_OVERLAP,NVSHMEM,C0_DEFAULT,2048,2048,2048,8,6,2097152,47,0,3431.520,3435.040,3930.784,495.744,PASS,0
lr_d1_N2048_q8_rep5,2,4,2,sm_89,D1_PUSHSIG_OVERLAP,NVSHMEM,C0_DEFAULT,2048,2048,2048,8,7,2097152,47,0,3956.064,3959.680,4455.712,496.032,PASS,0
lr_d1_N2048_q8_rep5,2,4,2,sm_89,D1_PUSHSIG_OVERLAP,NVSHMEM,C0_DEFAULT,2048,2048,2048,8,0,2097152,48,0,167.264,170.816,671.200,500.384,PASS,0
lr_d1_N2048_q8_rep5,2,4,2,sm_89,D1_PUSHSIG_OVERLAP,NVSHMEM,C0_DEFAULT,2048,2048,2048,8,1,2097152,48,0,714.496,719.296,1224.768,505.472,PASS,0
lr_d1_N2048_q8_rep5,2,4,2,sm_89,D1_PUSHSIG_OVERLAP,NVSHMEM,C0_DEFAULT,2048,2048,2048,8,2,2097152,48,0,1265.600,1269.472,1771.392,501.920,PASS,0
lr_d1_N2048_q8_rep5,2,4,2,sm_89,D1_PUSHSIG_OVERLAP,NVSHMEM,C0_DEFAULT,2048,2048,2048,8,3,2097152,48,0,1819.616,1839.808,2348.768,508.960,PASS,0
lr_d1_N2048_q8_rep5,2,4,2,sm_89,D1_PUSHSIG_OVERLAP,NVSHMEM,C0_DEFAULT,2048,2048,2048,8,4,2097152,48,0,2393.088,2396.800,2896.128,499.328,PASS,0
lr_d1_N2048_q8_rep5,2,4,2,sm_89,D1_PUSHSIG_OVERLAP,NVSHMEM,C0_DEFAULT,2048,2048,2048,8,5,2097152,48,0,2925.760,2929.312,3424.736,495.424,PASS,0
lr_d1_N2048_q8_rep5,2,4,2,sm_89,D1_PUSHSIG_OVERLAP,NVSHMEM,C0_DEFAULT,2048,2048,2048,8,6,2097152,48,0,3449.856,3453.376,3949.024,495.648,PASS,0
lr_d1_N2048_q8_rep5,2,4,2,sm_89,D1_PUSHSIG_OVERLAP,NVSHMEM,C0_DEFAULT,2048,2048,2048,8,7,2097152,48,0,3974.048,3977.568,4473.696,496.128,PASS,0
lr_d1_N2048_q8_rep5,2,4,2,sm_89,D1_PUSHSIG_OVERLAP,NVSHMEM,C0_DEFAULT,2048,2048,2048,8,0,2097152,49,0,161.440,165.728,669.184,503.456,PASS,0
lr_d1_N2048_q8_rep5,2,4,2,sm_89,D1_PUSHSIG_OVERLAP,NVSHMEM,C0_DEFAULT,2048,2048,2048,8,1,2097152,49,0,716.736,720.256,1222.496,502.240,PASS,0
lr_d1_N2048_q8_rep5,2,4,2,sm_89,D1_PUSHSIG_OVERLAP,NVSHMEM,C0_DEFAULT,2048,2048,2048,8,2,2097152,49,0,1264.832,1268.416,1771.008,502.592,PASS,0
lr_d1_N2048_q8_rep5,2,4,2,sm_89,D1_PUSHSIG_OVERLAP,NVSHMEM,C0_DEFAULT,2048,2048,2048,8,3,2097152,49,0,1815.616,1819.200,2318.848,499.648,PASS,0
lr_d1_N2048_q8_rep5,2,4,2,sm_89,D1_PUSHSIG_OVERLAP,NVSHMEM,C0_DEFAULT,2048,2048,2048,8,4,2097152,49,0,2363.104,2367.008,2866.336,499.328,PASS,0
lr_d1_N2048_q8_rep5,2,4,2,sm_89,D1_PUSHSIG_OVERLAP,NVSHMEM,C0_DEFAULT,2048,2048,2048,8,5,2097152,49,0,2908.896,2912.576,3414.144,501.568,PASS,0
lr_d1_N2048_q8_rep5,2,4,2,sm_89,D1_PUSHSIG_OVERLAP,NVSHMEM,C0_DEFAULT,2048,2048,2048,8,6,2097152,49,0,3442.176,3446.080,3941.792,495.712,PASS,0
lr_d1_N2048_q8_rep5,2,4,2,sm_89,D1_PUSHSIG_OVERLAP,NVSHMEM,C0_DEFAULT,2048,2048,2048,8,7,2097152,49,0,3967.104,3970.624,4466.272,495.648,PASS,0
