run_id,rank,rank_count,device,gfx_arch,path,family,candidate,M,N,K,q,slice_index,slice_bytes,iteration_index,t_issue_us,t_release_us,t_gemm_start_us,t_gemm_end_us,t_gemm_duration_us,correctness,status
mh_r1_C2_RING_SIMPLE_CH8_N2048_q16_rep4,2,4,2,sm_89,R1_EVENT_OVERLAP,NCCL,C2_RING_SIMPLE_CH8,2048,2048,2048,16,0,1048576,0,0,129.344,136.512,448.640,312.128,PASS,0
mh_r1_C2_RING_SIMPLE_CH8_N2048_q16_rep4,2,4,2,sm_89,R1_EVENT_OVERLAP,NCCL,C2_RING_SIMPLE_CH8,2048,2048,2048,16,1,1048576,0,0,214.816,452.064,726.656,274.592,PASS,0
mh_r1_C2_RING_SIMPLE_CH8_N2048_q16_rep4,2,4,2,sm_89,R1_EVENT_OVERLAP,NCCL,C2_RING_SIMPLE_CH8,2048,2048,2048,16,2,1048576,0,0,459.072,730.176,1038.080,307.904,PASS,0
mh_r1_C2_RING_SIMPLE_CH8_N2048_q16_rep4,2,4,2,sm_89,R1_EVENT_OVERLAP,NCCL,C2_RING_SIMPLE_CH8,2048,2048,2048,16,3,1048576,0,0,748.032,1043.616,1355.168,311.552,PASS,0
mh_r1_C2_RING_SIMPLE_CH8_N2048_q16_rep4,2,4,2,sm_89,R1_EVENT_OVERLAP,NCCL,C2_RING_SIMPLE_CH8,2048,2048,2048,16,4,1048576,0,0,1005.632,1358.400,1669.920,311.520,PASS,0
mh_r1_C2_RING_SIMPLE_CH8_N2048_q16_rep4,2,4,2,sm_89,R1_EVENT_OVERLAP,NCCL,C2_RING_SIMPLE_CH8,2048,2048,2048,16,5,1048576,0,0,1094.048,1673.216,1951.136,277.920,PASS,0
mh_r1_C2_RING_SIMPLE_CH8_N2048_q16_rep4,2,4,2,sm_89,R1_EVENT_OVERLAP,NCCL,C2_RING_SIMPLE_CH8,2048,2048,2048,16,6,1048576,0,0,1332.800,1954.528,2256.768,302.240,PASS,0
mh_r1_C2_RING_SIMPLE_CH8_N2048_q16_rep4,2,4,2,sm_89,R1_EVENT_OVERLAP,NCCL,C2_RING_SIMPLE_CH8,2048,2048,2048,16,7,1048576,0,0,1438.432,2260.512,2568.192,307.680,PASS,0
mh_r1_C2_RING_SIMPLE_CH8_N2048_q16_rep4,2,4,2,sm_89,R1_EVENT_OVERLAP,NCCL,C2_RING_SIMPLE_CH8,2048,2048,2048,16,8,1048576,0,0,1679.488,2571.584,2853.888,282.304,PASS,0
mh_r1_C2_RING_SIMPLE_CH8_N2048_q16_rep4,2,4,2,sm_89,R1_EVENT_OVERLAP,NCCL,C2_RING_SIMPLE_CH8,2048,2048,2048,16,9,1048576,0,0,1989.152,2857.280,3163.552,306.272,PASS,0
mh_r1_C2_RING_SIMPLE_CH8_N2048_q16_rep4,2,4,2,sm_89,R1_EVENT_OVERLAP,NCCL,C2_RING_SIMPLE_CH8,2048,2048,2048,16,10,1048576,0,0,2246.048,3166.944,3441.600,274.656,PASS,0
mh_r1_C2_RING_SIMPLE_CH8_N2048_q16_rep4,2,4,2,sm_89,R1_EVENT_OVERLAP,NCCL,C2_RING_SIMPLE_CH8,2048,2048,2048,16,11,1048576,0,0,2353.216,3445.024,3705.888,260.864,PASS,0
mh_r1_C2_RING_SIMPLE_CH8_N2048_q16_rep4,2,4,2,sm_89,R1_EVENT_OVERLAP,NCCL,C2_RING_SIMPLE_CH8,2048,2048,2048,16,12,1048576,0,0,2589.184,3709.344,3969.696,260.352,PASS,0
mh_r1_C2_RING_SIMPLE_CH8_N2048_q16_rep4,2,4,2,sm_89,R1_EVENT_OVERLAP,NCCL,C2_RING_SIMPLE_CH8,2048,2048,2048,16,13,1048576,0,0,2906.848,3973.152,4232.800,259.648,PASS,0
mh_r1_C2_RING_SIMPLE_CH8_N2048_q16_rep4,2,4,2,sm_89,R1_EVENT_OVERLAP,NCCL,C2_RING_SIMPLE_CH8,2048,2048,2048,16,14,1048576,0,0,3206.624,4236.192,4496.736,260.544,PASS,0
mh_r1_C2_RING_SIMPLE_CH8_N2048_q16_rep4,2,4,2,sm_89,R1_EVENT_OVERLAP,NCCL,C2_RING_SIMPLE_CH8,2048,2048,2048,16,15,1048576,0,0,3494.976,4500.160,4759.584,259.424,PASS,0
mh_r1_C2_RING_SIMPLE_CH8_N2048_q16_rep4,2,4,2,sm_89,R1_EVENT_OVERLAP,NCCL,C2_RING_SIMPLE_CH8,2048,2048,2048,16,0,1048576,1,0,123.904,130.240,445.792,315.552,PASS,0
mh_r1_C2_RING_SIMPLE_CH8_N2048_q16_rep4,2,4,2,sm_89,R1_EVENT_OVERLAP,NCCL,C2_RING_SIMPLE_CH8,2048,2048,2048,16,1,1048576,1,0,227.360,449.216,724.224,275.008,PASS,0
mh_r1_C2_RING_SIMPLE_CH8_N2048_q16_rep4,2,4,2,sm_89,R1_EVENT_OVERLAP,NCCL,C2_RING_SIMPLE_CH8,2048,2048,2048,16,2,1048576,1,0,457.920,727.520,1033.312,305.792,PASS,0
mh_r1_C2_RING_SIMPLE_CH8_N2048_q16_rep4,2,4,2,sm_89,R1_EVENT_OVERLAP,NCCL,C2_RING_SIMPLE_CH8,2048,2048,2048,16,3,1048576,1,0,757.312,1036.960,1307.200,270.240,PASS,0
mh_r1_C2_RING_SIMPLE_CH8_N2048_q16_rep4,2,4,2,sm_89,R1_EVENT_OVERLAP,NCCL,C2_RING_SIMPLE_CH8,2048,2048,2048,16,4,1048576,1,0,1054.848,1310.784,1624.480,313.696,PASS,0
mh_r1_C2_RING_SIMPLE_CH8_N2048_q16_rep4,2,4,2,sm_89,R1_EVENT_OVERLAP,NCCL,C2_RING_SIMPLE_CH8,2048,2048,2048,16,5,1048576,1,0,1391.520,1628.032,1905.312,277.280,PASS,0
mh_r1_C2_RING_SIMPLE_CH8_N2048_q16_rep4,2,4,2,sm_89,R1_EVENT_OVERLAP,NCCL,C2_RING_SIMPLE_CH8,2048,2048,2048,16,6,1048576,1,0,1634.336,1908.736,2212.096,303.360,PASS,0
mh_r1_C2_RING_SIMPLE_CH8_N2048_q16_rep4,2,4,2,sm_89,R1_EVENT_OVERLAP,NCCL,C2_RING_SIMPLE_CH8,2048,2048,2048,16,7,1048576,1,0,1926.016,2216.256,2490.304,274.048,PASS,0
mh_r1_C2_RING_SIMPLE_CH8_N2048_q16_rep4,2,4,2,sm_89,R1_EVENT_OVERLAP,NCCL,C2_RING_SIMPLE_CH8,2048,2048,2048,16,8,1048576,1,0,2228.800,2493.824,2796.768,302.944,PASS,0
mh_r1_C2_RING_SIMPLE_CH8_N2048_q16_rep4,2,4,2,sm_89,R1_EVENT_OVERLAP,NCCL,C2_RING_SIMPLE_CH8,2048,2048,2048,16,9,1048576,1,0,2542.144,2800.448,3073.792,273.344,PASS,0
mh_r1_C2_RING_SIMPLE_CH8_N2048_q16_rep4,2,4,2,sm_89,R1_EVENT_OVERLAP,NCCL,C2_RING_SIMPLE_CH8,2048,2048,2048,16,10,1048576,1,0,2811.424,3077.152,3380.192,303.040,PASS,0
mh_r1_C2_RING_SIMPLE_CH8_N2048_q16_rep4,2,4,2,sm_89,R1_EVENT_OVERLAP,NCCL,C2_RING_SIMPLE_CH8,2048,2048,2048,16,11,1048576,1,0,3126.336,3383.488,3656.256,272.768,PASS,0
mh_r1_C2_RING_SIMPLE_CH8_N2048_q16_rep4,2,4,2,sm_89,R1_EVENT_OVERLAP,NCCL,C2_RING_SIMPLE_CH8,2048,2048,2048,16,12,1048576,1,0,3400.320,3659.680,3964.224,304.544,PASS,0
mh_r1_C2_RING_SIMPLE_CH8_N2048_q16_rep4,2,4,2,sm_89,R1_EVENT_OVERLAP,NCCL,C2_RING_SIMPLE_CH8,2048,2048,2048,16,13,1048576,1,0,3708.192,3967.616,4238.464,270.848,PASS,0
mh_r1_C2_RING_SIMPLE_CH8_N2048_q16_rep4,2,4,2,sm_89,R1_EVENT_OVERLAP,NCCL,C2_RING_SIMPLE_CH8,2048,2048,2048,16,14,1048576,1,0,3981.248,4241.856,4537.728,295.872,PASS,0
mh_r1_C2_RING_SIMPLE_CH8_N2048_q16_rep4,2,4,2,sm_89,R1_EVENT_OVERLAP,NCCL,C2_RING_SIMPLE_CH8,2048,2048,2048,16,15,1048576,1,0,4289.056,4541.152,4801.312,260.160,PASS,0
mh_r1_C2_RING_SIMPLE_CH8_N2048_q16_rep4,2,4,2,sm_89,R1_EVENT_OVERLAP,NCCL,C2_RING_SIMPLE_CH8,2048,2048,2048,16,0,1048576,2,0,123.680,130.080,436.192,306.112,PASS,0
mh_r1_C2_RING_SIMPLE_CH8_N2048_q16_rep4,2,4,2,sm_89,R1_EVENT_OVERLAP,NCCL,C2_RING_SIMPLE_CH8,2048,2048,2048,16,1,1048576,2,0,220.800,440.352,745.984,305.632,PASS,0
mh_r1_C2_RING_SIMPLE_CH8_N2048_q16_rep4,2,4,2,sm_89,R1_EVENT_OVERLAP,NCCL,C2_RING_SIMPLE_CH8,2048,2048,2048,16,2,1048576,2,0,464.928,754.368,1030.752,276.384,PASS,0
mh_r1_C2_RING_SIMPLE_CH8_N2048_q16_rep4,2,4,2,sm_89,R1_EVENT_OVERLAP,NCCL,C2_RING_SIMPLE_CH8,2048,2048,2048,16,3,1048576,2,0,789.856,1034.528,1339.904,305.376,PASS,0
mh_r1_C2_RING_SIMPLE_CH8_N2048_q16_rep4,2,4,2,sm_89,R1_EVENT_OVERLAP,NCCL,C2_RING_SIMPLE_CH8,2048,2048,2048,16,4,1048576,2,0,1084.544,1343.264,1621.120,277.856,PASS,0
mh_r1_C2_RING_SIMPLE_CH8_N2048_q16_rep4,2,4,2,sm_89,R1_EVENT_OVERLAP,NCCL,C2_RING_SIMPLE_CH8,2048,2048,2048,16,5,1048576,2,0,1372.512,1624.512,1899.776,275.264,PASS,0
mh_r1_C2_RING_SIMPLE_CH8_N2048_q16_rep4,2,4,2,sm_89,R1_EVENT_OVERLAP,NCCL,C2_RING_SIMPLE_CH8,2048,2048,2048,16,6,1048576,2,0,1670.880,1903.168,2176.000,272.832,PASS,0
mh_r1_C2_RING_SIMPLE_CH8_N2048_q16_rep4,2,4,2,sm_89,R1_EVENT_OVERLAP,NCCL,C2_RING_SIMPLE_CH8,2048,2048,2048,16,7,1048576,2,0,1954.112,2179.456,2482.400,302.944,PASS,0
mh_r1_C2_RING_SIMPLE_CH8_N2048_q16_rep4,2,4,2,sm_89,R1_EVENT_OVERLAP,NCCL,C2_RING_SIMPLE_CH8,2048,2048,2048,16,8,1048576,2,0,2239.360,2485.728,2757.504,271.776,PASS,0
mh_r1_C2_RING_SIMPLE_CH8_N2048_q16_rep4,2,4,2,sm_89,R1_EVENT_OVERLAP,NCCL,C2_RING_SIMPLE_CH8,2048,2048,2048,16,9,1048576,2,0,2509.920,2760.864,3034.272,273.408,PASS,0
mh_r1_C2_RING_SIMPLE_CH8_N2048_q16_rep4,2,4,2,sm_89,R1_EVENT_OVERLAP,NCCL,C2_RING_SIMPLE_CH8,2048,2048,2048,16,10,1048576,2,0,2819.744,3037.632,3343.936,306.304,PASS,0
mh_r1_C2_RING_SIMPLE_CH8_N2048_q16_rep4,2,4,2,sm_89,R1_EVENT_OVERLAP,NCCL,C2_RING_SIMPLE_CH8,2048,2048,2048,16,11,1048576,2,0,3101.760,3347.296,3619.872,272.576,PASS,0
mh_r1_C2_RING_SIMPLE_CH8_N2048_q16_rep4,2,4,2,sm_89,R1_EVENT_OVERLAP,NCCL,C2_RING_SIMPLE_CH8,2048,2048,2048,16,12,1048576,2,0,3370.528,3623.168,3893.120,269.952,PASS,0
mh_r1_C2_RING_SIMPLE_CH8_N2048_q16_rep4,2,4,2,sm_89,R1_EVENT_OVERLAP,NCCL,C2_RING_SIMPLE_CH8,2048,2048,2048,16,13,1048576,2,0,3678.048,3896.800,4203.648,306.848,PASS,0
mh_r1_C2_RING_SIMPLE_CH8_N2048_q16_rep4,2,4,2,sm_89,R1_EVENT_OVERLAP,NCCL,C2_RING_SIMPLE_CH8,2048,2048,2048,16,14,1048576,2,0,3959.168,4207.008,4469.280,262.272,PASS,0
mh_r1_C2_RING_SIMPLE_CH8_N2048_q16_rep4,2,4,2,sm_89,R1_EVENT_OVERLAP,NCCL,C2_RING_SIMPLE_CH8,2048,2048,2048,16,15,1048576,2,0,4235.744,4472.704,4731.296,258.592,PASS,0
mh_r1_C2_RING_SIMPLE_CH8_N2048_q16_rep4,2,4,2,sm_89,R1_EVENT_OVERLAP,NCCL,C2_RING_SIMPLE_CH8,2048,2048,2048,16,0,1048576,3,0,153.120,159.744,477.536,317.792,PASS,0
mh_r1_C2_RING_SIMPLE_CH8_N2048_q16_rep4,2,4,2,sm_89,R1_EVENT_OVERLAP,NCCL,C2_RING_SIMPLE_CH8,2048,2048,2048,16,1,1048576,3,0,260.736,480.832,793.120,312.288,PASS,0
mh_r1_C2_RING_SIMPLE_CH8_N2048_q16_rep4,2,4,2,sm_89,R1_EVENT_OVERLAP,NCCL,C2_RING_SIMPLE_CH8,2048,2048,2048,16,2,1048576,3,0,513.120,796.384,1108.928,312.544,PASS,0
mh_r1_C2_RING_SIMPLE_CH8_N2048_q16_rep4,2,4,2,sm_89,R1_EVENT_OVERLAP,NCCL,C2_RING_SIMPLE_CH8,2048,2048,2048,16,3,1048576,3,0,770.816,1112.480,1385.312,272.832,PASS,0
mh_r1_C2_RING_SIMPLE_CH8_N2048_q16_rep4,2,4,2,sm_89,R1_EVENT_OVERLAP,NCCL,C2_RING_SIMPLE_CH8,2048,2048,2048,16,4,1048576,3,0,869.888,1398.784,1705.152,306.368,PASS,0
mh_r1_C2_RING_SIMPLE_CH8_N2048_q16_rep4,2,4,2,sm_89,R1_EVENT_OVERLAP,NCCL,C2_RING_SIMPLE_CH8,2048,2048,2048,16,5,1048576,3,0,1119.520,1708.480,2022.560,314.080,PASS,0
mh_r1_C2_RING_SIMPLE_CH8_N2048_q16_rep4,2,4,2,sm_89,R1_EVENT_OVERLAP,NCCL,C2_RING_SIMPLE_CH8,2048,2048,2048,16,6,1048576,3,0,1429.792,2025.920,2304.832,278.912,PASS,0
mh_r1_C2_RING_SIMPLE_CH8_N2048_q16_rep4,2,4,2,sm_89,R1_EVENT_OVERLAP,NCCL,C2_RING_SIMPLE_CH8,2048,2048,2048,16,7,1048576,3,0,1682.464,2308.224,2583.776,275.552,PASS,0
mh_r1_C2_RING_SIMPLE_CH8_N2048_q16_rep4,2,4,2,sm_89,R1_EVENT_OVERLAP,NCCL,C2_RING_SIMPLE_CH8,2048,2048,2048,16,8,1048576,3,0,1773.760,2587.104,2892.480,305.376,PASS,0
mh_r1_C2_RING_SIMPLE_CH8_N2048_q16_rep4,2,4,2,sm_89,R1_EVENT_OVERLAP,NCCL,C2_RING_SIMPLE_CH8,2048,2048,2048,16,9,1048576,3,0,2032.320,2895.872,3169.568,273.696,PASS,0
mh_r1_C2_RING_SIMPLE_CH8_N2048_q16_rep4,2,4,2,sm_89,R1_EVENT_OVERLAP,NCCL,C2_RING_SIMPLE_CH8,2048,2048,2048,16,10,1048576,3,0,2324.896,3173.824,3477.728,303.904,PASS,0
mh_r1_C2_RING_SIMPLE_CH8_N2048_q16_rep4,2,4,2,sm_89,R1_EVENT_OVERLAP,NCCL,C2_RING_SIMPLE_CH8,2048,2048,2048,16,11,1048576,3,0,2637.824,3481.088,3751.808,270.720,PASS,0
mh_r1_C2_RING_SIMPLE_CH8_N2048_q16_rep4,2,4,2,sm_89,R1_EVENT_OVERLAP,NCCL,C2_RING_SIMPLE_CH8,2048,2048,2048,16,12,1048576,3,0,2909.696,3755.264,4051.744,296.480,PASS,0
mh_r1_C2_RING_SIMPLE_CH8_N2048_q16_rep4,2,4,2,sm_89,R1_EVENT_OVERLAP,NCCL,C2_RING_SIMPLE_CH8,2048,2048,2048,16,13,1048576,3,0,3223.968,4055.136,4316.608,261.472,PASS,0
mh_r1_C2_RING_SIMPLE_CH8_N2048_q16_rep4,2,4,2,sm_89,R1_EVENT_OVERLAP,NCCL,C2_RING_SIMPLE_CH8,2048,2048,2048,16,14,1048576,3,0,3498.240,4320.032,4580.000,259.968,PASS,0
mh_r1_C2_RING_SIMPLE_CH8_N2048_q16_rep4,2,4,2,sm_89,R1_EVENT_OVERLAP,NCCL,C2_RING_SIMPLE_CH8,2048,2048,2048,16,15,1048576,3,0,3810.368,4583.424,4844.576,261.152,PASS,0
mh_r1_C2_RING_SIMPLE_CH8_N2048_q16_rep4,2,4,2,sm_89,R1_EVENT_OVERLAP,NCCL,C2_RING_SIMPLE_CH8,2048,2048,2048,16,0,1048576,4,0,128.192,134.592,442.624,308.032,PASS,0
mh_r1_C2_RING_SIMPLE_CH8_N2048_q16_rep4,2,4,2,sm_89,R1_EVENT_OVERLAP,NCCL,C2_RING_SIMPLE_CH8,2048,2048,2048,16,1,1048576,4,0,215.072,446.048,720.992,274.944,PASS,0
mh_r1_C2_RING_SIMPLE_CH8_N2048_q16_rep4,2,4,2,sm_89,R1_EVENT_OVERLAP,NCCL,C2_RING_SIMPLE_CH8,2048,2048,2048,16,2,1048576,4,0,453.024,724.352,1031.232,306.880,PASS,0
mh_r1_C2_RING_SIMPLE_CH8_N2048_q16_rep4,2,4,2,sm_89,R1_EVENT_OVERLAP,NCCL,C2_RING_SIMPLE_CH8,2048,2048,2048,16,3,1048576,4,0,759.296,1034.560,1305.632,271.072,PASS,0
mh_r1_C2_RING_SIMPLE_CH8_N2048_q16_rep4,2,4,2,sm_89,R1_EVENT_OVERLAP,NCCL,C2_RING_SIMPLE_CH8,2048,2048,2048,16,4,1048576,4,0,1067.008,1315.776,1620.256,304.480,PASS,0
mh_r1_C2_RING_SIMPLE_CH8_N2048_q16_rep4,2,4,2,sm_89,R1_EVENT_OVERLAP,NCCL,C2_RING_SIMPLE_CH8,2048,2048,2048,16,5,1048576,4,0,1379.904,1624.128,1893.568,269.440,PASS,0
mh_r1_C2_RING_SIMPLE_CH8_N2048_q16_rep4,2,4,2,sm_89,R1_EVENT_OVERLAP,NCCL,C2_RING_SIMPLE_CH8,2048,2048,2048,16,6,1048576,4,0,1655.040,1897.248,2209.440,312.192,PASS,0
mh_r1_C2_RING_SIMPLE_CH8_N2048_q16_rep4,2,4,2,sm_89,R1_EVENT_OVERLAP,NCCL,C2_RING_SIMPLE_CH8,2048,2048,2048,16,7,1048576,4,0,1967.648,2213.216,2481.760,268.544,PASS,0
mh_r1_C2_RING_SIMPLE_CH8_N2048_q16_rep4,2,4,2,sm_89,R1_EVENT_OVERLAP,NCCL,C2_RING_SIMPLE_CH8,2048,2048,2048,16,8,1048576,4,0,2259.392,2485.120,2792.544,307.424,PASS,0
mh_r1_C2_RING_SIMPLE_CH8_N2048_q16_rep4,2,4,2,sm_89,R1_EVENT_OVERLAP,NCCL,C2_RING_SIMPLE_CH8,2048,2048,2048,16,9,1048576,4,0,2561.632,2796.192,3074.848,278.656,PASS,0
mh_r1_C2_RING_SIMPLE_CH8_N2048_q16_rep4,2,4,2,sm_89,R1_EVENT_OVERLAP,NCCL,C2_RING_SIMPLE_CH8,2048,2048,2048,16,10,1048576,4,0,2844.416,3078.752,3351.744,272.992,PASS,0
mh_r1_C2_RING_SIMPLE_CH8_N2048_q16_rep4,2,4,2,sm_89,R1_EVENT_OVERLAP,NCCL,C2_RING_SIMPLE_CH8,2048,2048,2048,16,11,1048576,4,0,3131.072,3355.232,3666.016,310.784,PASS,0
mh_r1_C2_RING_SIMPLE_CH8_N2048_q16_rep4,2,4,2,sm_89,R1_EVENT_OVERLAP,NCCL,C2_RING_SIMPLE_CH8,2048,2048,2048,16,12,1048576,4,0,3407.776,3669.280,3939.552,270.272,PASS,0
mh_r1_C2_RING_SIMPLE_CH8_N2048_q16_rep4,2,4,2,sm_89,R1_EVENT_OVERLAP,NCCL,C2_RING_SIMPLE_CH8,2048,2048,2048,16,13,1048576,4,0,3698.784,3942.848,4213.984,271.136,PASS,0
mh_r1_C2_RING_SIMPLE_CH8_N2048_q16_rep4,2,4,2,sm_89,R1_EVENT_OVERLAP,NCCL,C2_RING_SIMPLE_CH8,2048,2048,2048,16,14,1048576,4,0,3998.752,4217.600,4515.648,298.048,PASS,0
mh_r1_C2_RING_SIMPLE_CH8_N2048_q16_rep4,2,4,2,sm_89,R1_EVENT_OVERLAP,NCCL,C2_RING_SIMPLE_CH8,2048,2048,2048,16,15,1048576,4,0,4277.024,4519.072,4778.240,259.168,PASS,0
mh_r1_C2_RING_SIMPLE_CH8_N2048_q16_rep4,2,4,2,sm_89,R1_EVENT_OVERLAP,NCCL,C2_RING_SIMPLE_CH8,2048,2048,2048,16,0,1048576,5,0,135.520,142.016,455.968,313.952,PASS,0
mh_r1_C2_RING_SIMPLE_CH8_N2048_q16_rep4,2,4,2,sm_89,R1_EVENT_OVERLAP,NCCL,C2_RING_SIMPLE_CH8,2048,2048,2048,16,1,1048576,5,0,251.840,459.520,767.264,307.744,PASS,0
mh_r1_C2_RING_SIMPLE_CH8_N2048_q16_rep4,2,4,2,sm_89,R1_EVENT_OVERLAP,NCCL,C2_RING_SIMPLE_CH8,2048,2048,2048,16,2,1048576,5,0,480.704,770.624,1043.040,272.416,PASS,0
mh_r1_C2_RING_SIMPLE_CH8_N2048_q16_rep4,2,4,2,sm_89,R1_EVENT_OVERLAP,NCCL,C2_RING_SIMPLE_CH8,2048,2048,2048,16,3,1048576,5,0,781.664,1047.552,1356.992,309.440,PASS,0
mh_r1_C2_RING_SIMPLE_CH8_N2048_q16_rep4,2,4,2,sm_89,R1_EVENT_OVERLAP,NCCL,C2_RING_SIMPLE_CH8,2048,2048,2048,16,4,1048576,5,0,1094.208,1365.568,1637.728,272.160,PASS,0
mh_r1_C2_RING_SIMPLE_CH8_N2048_q16_rep4,2,4,2,sm_89,R1_EVENT_OVERLAP,NCCL,C2_RING_SIMPLE_CH8,2048,2048,2048,16,5,1048576,5,0,1374.976,1641.152,1944.256,303.104,PASS,0
mh_r1_C2_RING_SIMPLE_CH8_N2048_q16_rep4,2,4,2,sm_89,R1_EVENT_OVERLAP,NCCL,C2_RING_SIMPLE_CH8,2048,2048,2048,16,6,1048576,5,0,1689.056,1948.736,2259.456,310.720,PASS,0
mh_r1_C2_RING_SIMPLE_CH8_N2048_q16_rep4,2,4,2,sm_89,R1_EVENT_OVERLAP,NCCL,C2_RING_SIMPLE_CH8,2048,2048,2048,16,7,1048576,5,0,1920.608,2262.848,2573.824,310.976,PASS,0
mh_r1_C2_RING_SIMPLE_CH8_N2048_q16_rep4,2,4,2,sm_89,R1_EVENT_OVERLAP,NCCL,C2_RING_SIMPLE_CH8,2048,2048,2048,16,8,1048576,5,0,2014.048,2577.856,2851.168,273.312,PASS,0
mh_r1_C2_RING_SIMPLE_CH8_N2048_q16_rep4,2,4,2,sm_89,R1_EVENT_OVERLAP,NCCL,C2_RING_SIMPLE_CH8,2048,2048,2048,16,9,1048576,5,0,2248.448,2854.528,3161.376,306.848,PASS,0
mh_r1_C2_RING_SIMPLE_CH8_N2048_q16_rep4,2,4,2,sm_89,R1_EVENT_OVERLAP,NCCL,C2_RING_SIMPLE_CH8,2048,2048,2048,16,10,1048576,5,0,2348.448,3167.168,3473.376,306.208,PASS,0
mh_r1_C2_RING_SIMPLE_CH8_N2048_q16_rep4,2,4,2,sm_89,R1_EVENT_OVERLAP,NCCL,C2_RING_SIMPLE_CH8,2048,2048,2048,16,11,1048576,5,0,2587.200,3476.832,3773.888,297.056,PASS,0
mh_r1_C2_RING_SIMPLE_CH8_N2048_q16_rep4,2,4,2,sm_89,R1_EVENT_OVERLAP,NCCL,C2_RING_SIMPLE_CH8,2048,2048,2048,16,12,1048576,5,0,2881.344,3777.344,4037.088,259.744,PASS,0
mh_r1_C2_RING_SIMPLE_CH8_N2048_q16_rep4,2,4,2,sm_89,R1_EVENT_OVERLAP,NCCL,C2_RING_SIMPLE_CH8,2048,2048,2048,16,13,1048576,5,0,3131.840,4040.512,4301.344,260.832,PASS,0
mh_r1_C2_RING_SIMPLE_CH8_N2048_q16_rep4,2,4,2,sm_89,R1_EVENT_OVERLAP,NCCL,C2_RING_SIMPLE_CH8,2048,2048,2048,16,14,1048576,5,0,3236.032,4304.736,4564.288,259.552,PASS,0
mh_r1_C2_RING_SIMPLE_CH8_N2048_q16_rep4,2,4,2,sm_89,R1_EVENT_OVERLAP,NCCL,C2_RING_SIMPLE_CH8,2048,2048,2048,16,15,1048576,5,0,3518.400,4567.712,4827.232,259.520,PASS,0
mh_r1_C2_RING_SIMPLE_CH8_N2048_q16_rep4,2,4,2,sm_89,R1_EVENT_OVERLAP,NCCL,C2_RING_SIMPLE_CH8,2048,2048,2048,16,0,1048576,6,0,122.144,128.736,437.344,308.608,PASS,0
mh_r1_C2_RING_SIMPLE_CH8_N2048_q16_rep4,2,4,2,sm_89,R1_EVENT_OVERLAP,NCCL,C2_RING_SIMPLE_CH8,2048,2048,2048,16,1,1048576,6,0,207.072,440.800,726.880,286.080,PASS,0
mh_r1_C2_RING_SIMPLE_CH8_N2048_q16_rep4,2,4,2,sm_89,R1_EVENT_OVERLAP,NCCL,C2_RING_SIMPLE_CH8,2048,2048,2048,16,2,1048576,6,0,451.648,740.576,1046.688,306.112,PASS,0
mh_r1_C2_RING_SIMPLE_CH8_N2048_q16_rep4,2,4,2,sm_89,R1_EVENT_OVERLAP,NCCL,C2_RING_SIMPLE_CH8,2048,2048,2048,16,3,1048576,6,0,785.344,1050.144,1366.624,316.480,PASS,0
mh_r1_C2_RING_SIMPLE_CH8_N2048_q16_rep4,2,4,2,sm_89,R1_EVENT_OVERLAP,NCCL,C2_RING_SIMPLE_CH8,2048,2048,2048,16,4,1048576,6,0,1021.888,1370.080,1690.496,320.416,PASS,0
mh_r1_C2_RING_SIMPLE_CH8_N2048_q16_rep4,2,4,2,sm_89,R1_EVENT_OVERLAP,NCCL,C2_RING_SIMPLE_CH8,2048,2048,2048,16,5,1048576,6,0,1113.376,1694.144,2006.656,312.512,PASS,0
mh_r1_C2_RING_SIMPLE_CH8_N2048_q16_rep4,2,4,2,sm_89,R1_EVENT_OVERLAP,NCCL,C2_RING_SIMPLE_CH8,2048,2048,2048,16,6,1048576,6,0,1343.968,2010.528,2283.936,273.408,PASS,0
mh_r1_C2_RING_SIMPLE_CH8_N2048_q16_rep4,2,4,2,sm_89,R1_EVENT_OVERLAP,NCCL,C2_RING_SIMPLE_CH8,2048,2048,2048,16,7,1048576,6,0,1667.744,2287.488,2599.808,312.320,PASS,0
mh_r1_C2_RING_SIMPLE_CH8_N2048_q16_rep4,2,4,2,sm_89,R1_EVENT_OVERLAP,NCCL,C2_RING_SIMPLE_CH8,2048,2048,2048,16,8,1048576,6,0,1925.568,2603.296,2912.992,309.696,PASS,0
mh_r1_C2_RING_SIMPLE_CH8_N2048_q16_rep4,2,4,2,sm_89,R1_EVENT_OVERLAP,NCCL,C2_RING_SIMPLE_CH8,2048,2048,2048,16,9,1048576,6,0,2016.736,2916.864,3232.864,316.000,PASS,0
mh_r1_C2_RING_SIMPLE_CH8_N2048_q16_rep4,2,4,2,sm_89,R1_EVENT_OVERLAP,NCCL,C2_RING_SIMPLE_CH8,2048,2048,2048,16,10,1048576,6,0,2307.488,3236.352,3543.840,307.488,PASS,0
mh_r1_C2_RING_SIMPLE_CH8_N2048_q16_rep4,2,4,2,sm_89,R1_EVENT_OVERLAP,NCCL,C2_RING_SIMPLE_CH8,2048,2048,2048,16,11,1048576,6,0,2592.512,3547.264,3844.608,297.344,PASS,0
mh_r1_C2_RING_SIMPLE_CH8_N2048_q16_rep4,2,4,2,sm_89,R1_EVENT_OVERLAP,NCCL,C2_RING_SIMPLE_CH8,2048,2048,2048,16,12,1048576,6,0,2905.632,3848.064,4108.352,260.288,PASS,0
mh_r1_C2_RING_SIMPLE_CH8_N2048_q16_rep4,2,4,2,sm_89,R1_EVENT_OVERLAP,NCCL,C2_RING_SIMPLE_CH8,2048,2048,2048,16,13,1048576,6,0,3208.480,4111.776,4371.840,260.064,PASS,0
mh_r1_C2_RING_SIMPLE_CH8_N2048_q16_rep4,2,4,2,sm_89,R1_EVENT_OVERLAP,NCCL,C2_RING_SIMPLE_CH8,2048,2048,2048,16,14,1048576,6,0,3497.216,4375.264,4636.064,260.800,PASS,0
mh_r1_C2_RING_SIMPLE_CH8_N2048_q16_rep4,2,4,2,sm_89,R1_EVENT_OVERLAP,NCCL,C2_RING_SIMPLE_CH8,2048,2048,2048,16,15,1048576,6,0,3797.664,4639.488,4898.464,258.976,PASS,0
mh_r1_C2_RING_SIMPLE_CH8_N2048_q16_rep4,2,4,2,sm_89,R1_EVENT_OVERLAP,NCCL,C2_RING_SIMPLE_CH8,2048,2048,2048,16,0,1048576,7,0,133.760,140.416,453.024,312.608,PASS,0
mh_r1_C2_RING_SIMPLE_CH8_N2048_q16_rep4,2,4,2,sm_89,R1_EVENT_OVERLAP,NCCL,C2_RING_SIMPLE_CH8,2048,2048,2048,16,1,1048576,7,0,221.056,456.320,729.760,273.440,PASS,0
mh_r1_C2_RING_SIMPLE_CH8_N2048_q16_rep4,2,4,2,sm_89,R1_EVENT_OVERLAP,NCCL,C2_RING_SIMPLE_CH8,2048,2048,2048,16,2,1048576,7,0,462.784,733.152,1040.672,307.520,PASS,0
mh_r1_C2_RING_SIMPLE_CH8_N2048_q16_rep4,2,4,2,sm_89,R1_EVENT_OVERLAP,NCCL,C2_RING_SIMPLE_CH8,2048,2048,2048,16,3,1048576,7,0,760.384,1045.024,1314.496,269.472,PASS,0
mh_r1_C2_RING_SIMPLE_CH8_N2048_q16_rep4,2,4,2,sm_89,R1_EVENT_OVERLAP,NCCL,C2_RING_SIMPLE_CH8,2048,2048,2048,16,4,1048576,7,0,1082.176,1318.848,1625.088,306.240,PASS,0
mh_r1_C2_RING_SIMPLE_CH8_N2048_q16_rep4,2,4,2,sm_89,R1_EVENT_OVERLAP,NCCL,C2_RING_SIMPLE_CH8,2048,2048,2048,16,5,1048576,7,0,1389.792,1628.928,1901.664,272.736,PASS,0
mh_r1_C2_RING_SIMPLE_CH8_N2048_q16_rep4,2,4,2,sm_89,R1_EVENT_OVERLAP,NCCL,C2_RING_SIMPLE_CH8,2048,2048,2048,16,6,1048576,7,0,1676.288,1904.992,2211.200,306.208,PASS,0
mh_r1_C2_RING_SIMPLE_CH8_N2048_q16_rep4,2,4,2,sm_89,R1_EVENT_OVERLAP,NCCL,C2_RING_SIMPLE_CH8,2048,2048,2048,16,7,1048576,7,0,1983.680,2214.752,2483.296,268.544,PASS,0
mh_r1_C2_RING_SIMPLE_CH8_N2048_q16_rep4,2,4,2,sm_89,R1_EVENT_OVERLAP,NCCL,C2_RING_SIMPLE_CH8,2048,2048,2048,16,8,1048576,7,0,2261.152,2486.752,2793.920,307.168,PASS,0
mh_r1_C2_RING_SIMPLE_CH8_N2048_q16_rep4,2,4,2,sm_89,R1_EVENT_OVERLAP,NCCL,C2_RING_SIMPLE_CH8,2048,2048,2048,16,9,1048576,7,0,2571.904,2797.344,3068.512,271.168,PASS,0
mh_r1_C2_RING_SIMPLE_CH8_N2048_q16_rep4,2,4,2,sm_89,R1_EVENT_OVERLAP,NCCL,C2_RING_SIMPLE_CH8,2048,2048,2048,16,10,1048576,7,0,2840.352,3072.096,3380.704,308.608,PASS,0
mh_r1_C2_RING_SIMPLE_CH8_N2048_q16_rep4,2,4,2,sm_89,R1_EVENT_OVERLAP,NCCL,C2_RING_SIMPLE_CH8,2048,2048,2048,16,11,1048576,7,0,3154.720,3384.320,3653.152,268.832,PASS,0
mh_r1_C2_RING_SIMPLE_CH8_N2048_q16_rep4,2,4,2,sm_89,R1_EVENT_OVERLAP,NCCL,C2_RING_SIMPLE_CH8,2048,2048,2048,16,12,1048576,7,0,3431.904,3656.448,3963.008,306.560,PASS,0
mh_r1_C2_RING_SIMPLE_CH8_N2048_q16_rep4,2,4,2,sm_89,R1_EVENT_OVERLAP,NCCL,C2_RING_SIMPLE_CH8,2048,2048,2048,16,13,1048576,7,0,3735.424,3966.368,4238.784,272.416,PASS,0
mh_r1_C2_RING_SIMPLE_CH8_N2048_q16_rep4,2,4,2,sm_89,R1_EVENT_OVERLAP,NCCL,C2_RING_SIMPLE_CH8,2048,2048,2048,16,14,1048576,7,0,4015.648,4242.112,4538.144,296.032,PASS,0
mh_r1_C2_RING_SIMPLE_CH8_N2048_q16_rep4,2,4,2,sm_89,R1_EVENT_OVERLAP,NCCL,C2_RING_SIMPLE_CH8,2048,2048,2048,16,15,1048576,7,0,4320.000,4541.568,4801.760,260.192,PASS,0
mh_r1_C2_RING_SIMPLE_CH8_N2048_q16_rep4,2,4,2,sm_89,R1_EVENT_OVERLAP,NCCL,C2_RING_SIMPLE_CH8,2048,2048,2048,16,0,1048576,8,0,125.312,131.616,440.416,308.800,PASS,0
mh_r1_C2_RING_SIMPLE_CH8_N2048_q16_rep4,2,4,2,sm_89,R1_EVENT_OVERLAP,NCCL,C2_RING_SIMPLE_CH8,2048,2048,2048,16,1,1048576,8,0,211.488,443.776,717.984,274.208,PASS,0
mh_r1_C2_RING_SIMPLE_CH8_N2048_q16_rep4,2,4,2,sm_89,R1_EVENT_OVERLAP,NCCL,C2_RING_SIMPLE_CH8,2048,2048,2048,16,2,1048576,8,0,450.656,722.016,1027.232,305.216,PASS,0
mh_r1_C2_RING_SIMPLE_CH8_N2048_q16_rep4,2,4,2,sm_89,R1_EVENT_OVERLAP,NCCL,C2_RING_SIMPLE_CH8,2048,2048,2048,16,3,1048576,8,0,751.040,1030.656,1340.672,310.016,PASS,0
mh_r1_C2_RING_SIMPLE_CH8_N2048_q16_rep4,2,4,2,sm_89,R1_EVENT_OVERLAP,NCCL,C2_RING_SIMPLE_CH8,2048,2048,2048,16,4,1048576,8,0,1005.664,1344.160,1620.000,275.840,PASS,0
mh_r1_C2_RING_SIMPLE_CH8_N2048_q16_rep4,2,4,2,sm_89,R1_EVENT_OVERLAP,NCCL,C2_RING_SIMPLE_CH8,2048,2048,2048,16,5,1048576,8,0,1096.384,1623.392,1933.312,309.920,PASS,0
mh_r1_C2_RING_SIMPLE_CH8_N2048_q16_rep4,2,4,2,sm_89,R1_EVENT_OVERLAP,NCCL,C2_RING_SIMPLE_CH8,2048,2048,2048,16,6,1048576,8,0,1350.496,1936.672,2251.040,314.368,PASS,0
mh_r1_C2_RING_SIMPLE_CH8_N2048_q16_rep4,2,4,2,sm_89,R1_EVENT_OVERLAP,NCCL,C2_RING_SIMPLE_CH8,2048,2048,2048,16,7,1048576,8,0,1658.048,2254.464,2531.936,277.472,PASS,0
mh_r1_C2_RING_SIMPLE_CH8_N2048_q16_rep4,2,4,2,sm_89,R1_EVENT_OVERLAP,NCCL,C2_RING_SIMPLE_CH8,2048,2048,2048,16,8,1048576,8,0,1909.408,2535.296,2852.544,317.248,PASS,0
mh_r1_C2_RING_SIMPLE_CH8_N2048_q16_rep4,2,4,2,sm_89,R1_EVENT_OVERLAP,NCCL,C2_RING_SIMPLE_CH8,2048,2048,2048,16,9,1048576,8,0,1999.264,2856.032,3126.784,270.752,PASS,0
mh_r1_C2_RING_SIMPLE_CH8_N2048_q16_rep4,2,4,2,sm_89,R1_EVENT_OVERLAP,NCCL,C2_RING_SIMPLE_CH8,2048,2048,2048,16,10,1048576,8,0,2260.864,3130.176,3454.048,323.872,PASS,0
mh_r1_C2_RING_SIMPLE_CH8_N2048_q16_rep4,2,4,2,sm_89,R1_EVENT_OVERLAP,NCCL,C2_RING_SIMPLE_CH8,2048,2048,2048,16,11,1048576,8,0,2560.992,3457.440,3737.920,280.480,PASS,0
mh_r1_C2_RING_SIMPLE_CH8_N2048_q16_rep4,2,4,2,sm_89,R1_EVENT_OVERLAP,NCCL,C2_RING_SIMPLE_CH8,2048,2048,2048,16,12,1048576,8,0,2867.712,3741.440,4038.944,297.504,PASS,0
mh_r1_C2_RING_SIMPLE_CH8_N2048_q16_rep4,2,4,2,sm_89,R1_EVENT_OVERLAP,NCCL,C2_RING_SIMPLE_CH8,2048,2048,2048,16,13,1048576,8,0,3169.888,4042.368,4302.464,260.096,PASS,0
mh_r1_C2_RING_SIMPLE_CH8_N2048_q16_rep4,2,4,2,sm_89,R1_EVENT_OVERLAP,NCCL,C2_RING_SIMPLE_CH8,2048,2048,2048,16,14,1048576,8,0,3489.792,4305.952,4566.528,260.576,PASS,0
mh_r1_C2_RING_SIMPLE_CH8_N2048_q16_rep4,2,4,2,sm_89,R1_EVENT_OVERLAP,NCCL,C2_RING_SIMPLE_CH8,2048,2048,2048,16,15,1048576,8,0,3784.960,4570.080,4829.696,259.616,PASS,0
mh_r1_C2_RING_SIMPLE_CH8_N2048_q16_rep4,2,4,2,sm_89,R1_EVENT_OVERLAP,NCCL,C2_RING_SIMPLE_CH8,2048,2048,2048,16,0,1048576,9,0,133.632,139.904,448.800,308.896,PASS,0
mh_r1_C2_RING_SIMPLE_CH8_N2048_q16_rep4,2,4,2,sm_89,R1_EVENT_OVERLAP,NCCL,C2_RING_SIMPLE_CH8,2048,2048,2048,16,1,1048576,9,0,247.904,452.128,757.088,304.960,PASS,0
mh_r1_C2_RING_SIMPLE_CH8_N2048_q16_rep4,2,4,2,sm_89,R1_EVENT_OVERLAP,NCCL,C2_RING_SIMPLE_CH8,2048,2048,2048,16,2,1048576,9,0,470.400,760.544,1033.152,272.608,PASS,0
mh_r1_C2_RING_SIMPLE_CH8_N2048_q16_rep4,2,4,2,sm_89,R1_EVENT_OVERLAP,NCCL,C2_RING_SIMPLE_CH8,2048,2048,2048,16,3,1048576,9,0,780.704,1036.480,1345.760,309.280,PASS,0
mh_r1_C2_RING_SIMPLE_CH8_N2048_q16_rep4,2,4,2,sm_89,R1_EVENT_OVERLAP,NCCL,C2_RING_SIMPLE_CH8,2048,2048,2048,16,4,1048576,9,0,1089.856,1350.048,1630.016,279.968,PASS,0
mh_r1_C2_RING_SIMPLE_CH8_N2048_q16_rep4,2,4,2,sm_89,R1_EVENT_OVERLAP,NCCL,C2_RING_SIMPLE_CH8,2048,2048,2048,16,5,1048576,9,0,1379.520,1633.920,1942.048,308.128,PASS,0
mh_r1_C2_RING_SIMPLE_CH8_N2048_q16_rep4,2,4,2,sm_89,R1_EVENT_OVERLAP,NCCL,C2_RING_SIMPLE_CH8,2048,2048,2048,16,6,1048576,9,0,1683.392,1945.312,2220.704,275.392,PASS,0
mh_r1_C2_RING_SIMPLE_CH8_N2048_q16_rep4,2,4,2,sm_89,R1_EVENT_OVERLAP,NCCL,C2_RING_SIMPLE_CH8,2048,2048,2048,16,7,1048576,9,0,1968.576,2224.384,2497.568,273.184,PASS,0
mh_r1_C2_RING_SIMPLE_CH8_N2048_q16_rep4,2,4,2,sm_89,R1_EVENT_OVERLAP,NCCL,C2_RING_SIMPLE_CH8,2048,2048,2048,16,8,1048576,9,0,2277.888,2501.216,2808.192,306.976,PASS,0
mh_r1_C2_RING_SIMPLE_CH8_N2048_q16_rep4,2,4,2,sm_89,R1_EVENT_OVERLAP,NCCL,C2_RING_SIMPLE_CH8,2048,2048,2048,16,9,1048576,9,0,2554.048,2811.680,3084.960,273.280,PASS,0
mh_r1_C2_RING_SIMPLE_CH8_N2048_q16_rep4,2,4,2,sm_89,R1_EVENT_OVERLAP,NCCL,C2_RING_SIMPLE_CH8,2048,2048,2048,16,10,1048576,9,0,2824.992,3088.288,3392.768,304.480,PASS,0
mh_r1_C2_RING_SIMPLE_CH8_N2048_q16_rep4,2,4,2,sm_89,R1_EVENT_OVERLAP,NCCL,C2_RING_SIMPLE_CH8,2048,2048,2048,16,11,1048576,9,0,3133.568,3396.128,3668.352,272.224,PASS,0
mh_r1_C2_RING_SIMPLE_CH8_N2048_q16_rep4,2,4,2,sm_89,R1_EVENT_OVERLAP,NCCL,C2_RING_SIMPLE_CH8,2048,2048,2048,16,12,1048576,9,0,3413.088,3671.840,3977.920,306.080,PASS,0
mh_r1_C2_RING_SIMPLE_CH8_N2048_q16_rep4,2,4,2,sm_89,R1_EVENT_OVERLAP,NCCL,C2_RING_SIMPLE_CH8,2048,2048,2048,16,13,1048576,9,0,3719.584,3981.344,4252.992,271.648,PASS,0
mh_r1_C2_RING_SIMPLE_CH8_N2048_q16_rep4,2,4,2,sm_89,R1_EVENT_OVERLAP,NCCL,C2_RING_SIMPLE_CH8,2048,2048,2048,16,14,1048576,9,0,3997.920,4256.736,4553.632,296.896,PASS,0
mh_r1_C2_RING_SIMPLE_CH8_N2048_q16_rep4,2,4,2,sm_89,R1_EVENT_OVERLAP,NCCL,C2_RING_SIMPLE_CH8,2048,2048,2048,16,15,1048576,9,0,4307.456,4557.056,4817.152,260.096,PASS,0
mh_r1_C2_RING_SIMPLE_CH8_N2048_q16_rep4,2,4,2,sm_89,R1_EVENT_OVERLAP,NCCL,C2_RING_SIMPLE_CH8,2048,2048,2048,16,0,1048576,10,0,121.664,128.320,437.440,309.120,PASS,0
mh_r1_C2_RING_SIMPLE_CH8_N2048_q16_rep4,2,4,2,sm_89,R1_EVENT_OVERLAP,NCCL,C2_RING_SIMPLE_CH8,2048,2048,2048,16,1,1048576,10,0,207.008,440.864,713.504,272.640,PASS,0
mh_r1_C2_RING_SIMPLE_CH8_N2048_q16_rep4,2,4,2,sm_89,R1_EVENT_OVERLAP,NCCL,C2_RING_SIMPLE_CH8,2048,2048,2048,16,2,1048576,10,0,452.800,716.832,1027.776,310.944,PASS,0
mh_r1_C2_RING_SIMPLE_CH8_N2048_q16_rep4,2,4,2,sm_89,R1_EVENT_OVERLAP,NCCL,C2_RING_SIMPLE_CH8,2048,2048,2048,16,3,1048576,10,0,764.288,1031.136,1305.792,274.656,PASS,0
mh_r1_C2_RING_SIMPLE_CH8_N2048_q16_rep4,2,4,2,sm_89,R1_EVENT_OVERLAP,NCCL,C2_RING_SIMPLE_CH8,2048,2048,2048,16,4,1048576,10,0,1071.904,1309.120,1613.824,304.704,PASS,0
mh_r1_C2_RING_SIMPLE_CH8_N2048_q16_rep4,2,4,2,sm_89,R1_EVENT_OVERLAP,NCCL,C2_RING_SIMPLE_CH8,2048,2048,2048,16,5,1048576,10,0,1357.760,1617.216,1924.544,307.328,PASS,0
mh_r1_C2_RING_SIMPLE_CH8_N2048_q16_rep4,2,4,2,sm_89,R1_EVENT_OVERLAP,NCCL,C2_RING_SIMPLE_CH8,2048,2048,2048,16,6,1048576,10,0,1672.384,1927.968,2197.440,269.472,PASS,0
mh_r1_C2_RING_SIMPLE_CH8_N2048_q16_rep4,2,4,2,sm_89,R1_EVENT_OVERLAP,NCCL,C2_RING_SIMPLE_CH8,2048,2048,2048,16,7,1048576,10,0,1945.920,2200.832,2506.784,305.952,PASS,0
mh_r1_C2_RING_SIMPLE_CH8_N2048_q16_rep4,2,4,2,sm_89,R1_EVENT_OVERLAP,NCCL,C2_RING_SIMPLE_CH8,2048,2048,2048,16,8,1048576,10,0,2255.776,2510.464,2781.312,270.848,PASS,0
mh_r1_C2_RING_SIMPLE_CH8_N2048_q16_rep4,2,4,2,sm_89,R1_EVENT_OVERLAP,NCCL,C2_RING_SIMPLE_CH8,2048,2048,2048,16,9,1048576,10,0,2533.952,2784.672,3090.496,305.824,PASS,0
mh_r1_C2_RING_SIMPLE_CH8_N2048_q16_rep4,2,4,2,sm_89,R1_EVENT_OVERLAP,NCCL,C2_RING_SIMPLE_CH8,2048,2048,2048,16,10,1048576,10,0,2844.512,3093.792,3365.280,271.488,PASS,0
mh_r1_C2_RING_SIMPLE_CH8_N2048_q16_rep4,2,4,2,sm_89,R1_EVENT_OVERLAP,NCCL,C2_RING_SIMPLE_CH8,2048,2048,2048,16,11,1048576,10,0,3124.608,3368.672,3671.552,302.880,PASS,0
mh_r1_C2_RING_SIMPLE_CH8_N2048_q16_rep4,2,4,2,sm_89,R1_EVENT_OVERLAP,NCCL,C2_RING_SIMPLE_CH8,2048,2048,2048,16,12,1048576,10,0,3430.368,3674.912,3945.216,270.304,PASS,0
mh_r1_C2_RING_SIMPLE_CH8_N2048_q16_rep4,2,4,2,sm_89,R1_EVENT_OVERLAP,NCCL,C2_RING_SIMPLE_CH8,2048,2048,2048,16,13,1048576,10,0,3710.624,3948.672,4255.360,306.688,PASS,0
mh_r1_C2_RING_SIMPLE_CH8_N2048_q16_rep4,2,4,2,sm_89,R1_EVENT_OVERLAP,NCCL,C2_RING_SIMPLE_CH8,2048,2048,2048,16,14,1048576,10,0,4016.864,4258.848,4520.032,261.184,PASS,0
mh_r1_C2_RING_SIMPLE_CH8_N2048_q16_rep4,2,4,2,sm_89,R1_EVENT_OVERLAP,NCCL,C2_RING_SIMPLE_CH8,2048,2048,2048,16,15,1048576,10,0,4298.048,4523.808,4782.432,258.624,PASS,0
mh_r1_C2_RING_SIMPLE_CH8_N2048_q16_rep4,2,4,2,sm_89,R1_EVENT_OVERLAP,NCCL,C2_RING_SIMPLE_CH8,2048,2048,2048,16,0,1048576,11,0,136.992,144.000,452.096,308.096,PASS,0
mh_r1_C2_RING_SIMPLE_CH8_N2048_q16_rep4,2,4,2,sm_89,R1_EVENT_OVERLAP,NCCL,C2_RING_SIMPLE_CH8,2048,2048,2048,16,1,1048576,11,0,245.632,455.968,761.728,305.760,PASS,0
mh_r1_C2_RING_SIMPLE_CH8_N2048_q16_rep4,2,4,2,sm_89,R1_EVENT_OVERLAP,NCCL,C2_RING_SIMPLE_CH8,2048,2048,2048,16,2,1048576,11,0,482.880,765.536,1035.552,270.016,PASS,0
mh_r1_C2_RING_SIMPLE_CH8_N2048_q16_rep4,2,4,2,sm_89,R1_EVENT_OVERLAP,NCCL,C2_RING_SIMPLE_CH8,2048,2048,2048,16,3,1048576,11,0,802.400,1039.136,1346.368,307.232,PASS,0
mh_r1_C2_RING_SIMPLE_CH8_N2048_q16_rep4,2,4,2,sm_89,R1_EVENT_OVERLAP,NCCL,C2_RING_SIMPLE_CH8,2048,2048,2048,16,4,1048576,11,0,1108.896,1349.760,1622.496,272.736,PASS,0
mh_r1_C2_RING_SIMPLE_CH8_N2048_q16_rep4,2,4,2,sm_89,R1_EVENT_OVERLAP,NCCL,C2_RING_SIMPLE_CH8,2048,2048,2048,16,5,1048576,11,0,1388.896,1626.112,1932.032,305.920,PASS,0
mh_r1_C2_RING_SIMPLE_CH8_N2048_q16_rep4,2,4,2,sm_89,R1_EVENT_OVERLAP,NCCL,C2_RING_SIMPLE_CH8,2048,2048,2048,16,6,1048576,11,0,1701.408,1935.488,2211.776,276.288,PASS,0
mh_r1_C2_RING_SIMPLE_CH8_N2048_q16_rep4,2,4,2,sm_89,R1_EVENT_OVERLAP,NCCL,C2_RING_SIMPLE_CH8,2048,2048,2048,16,7,1048576,11,0,1979.104,2215.136,2523.584,308.448,PASS,0
mh_r1_C2_RING_SIMPLE_CH8_N2048_q16_rep4,2,4,2,sm_89,R1_EVENT_OVERLAP,NCCL,C2_RING_SIMPLE_CH8,2048,2048,2048,16,8,1048576,11,0,2287.456,2527.488,2797.824,270.336,PASS,0
mh_r1_C2_RING_SIMPLE_CH8_N2048_q16_rep4,2,4,2,sm_89,R1_EVENT_OVERLAP,NCCL,C2_RING_SIMPLE_CH8,2048,2048,2048,16,9,1048576,11,0,2565.888,2801.184,3108.128,306.944,PASS,0
mh_r1_C2_RING_SIMPLE_CH8_N2048_q16_rep4,2,4,2,sm_89,R1_EVENT_OVERLAP,NCCL,C2_RING_SIMPLE_CH8,2048,2048,2048,16,10,1048576,11,0,2878.528,3111.488,3380.800,269.312,PASS,0
mh_r1_C2_RING_SIMPLE_CH8_N2048_q16_rep4,2,4,2,sm_89,R1_EVENT_OVERLAP,NCCL,C2_RING_SIMPLE_CH8,2048,2048,2048,16,11,1048576,11,0,3158.112,3384.288,3690.656,306.368,PASS,0
mh_r1_C2_RING_SIMPLE_CH8_N2048_q16_rep4,2,4,2,sm_89,R1_EVENT_OVERLAP,NCCL,C2_RING_SIMPLE_CH8,2048,2048,2048,16,12,1048576,11,0,3466.464,3693.984,3963.904,269.920,PASS,0
mh_r1_C2_RING_SIMPLE_CH8_N2048_q16_rep4,2,4,2,sm_89,R1_EVENT_OVERLAP,NCCL,C2_RING_SIMPLE_CH8,2048,2048,2048,16,13,1048576,11,0,3740.224,3967.168,4273.216,306.048,PASS,0
mh_r1_C2_RING_SIMPLE_CH8_N2048_q16_rep4,2,4,2,sm_89,R1_EVENT_OVERLAP,NCCL,C2_RING_SIMPLE_CH8,2048,2048,2048,16,14,1048576,11,0,4047.584,4276.576,4536.192,259.616,PASS,0
mh_r1_C2_RING_SIMPLE_CH8_N2048_q16_rep4,2,4,2,sm_89,R1_EVENT_OVERLAP,NCCL,C2_RING_SIMPLE_CH8,2048,2048,2048,16,15,1048576,11,0,4318.976,4539.616,4800.736,261.120,PASS,0
mh_r1_C2_RING_SIMPLE_CH8_N2048_q16_rep4,2,4,2,sm_89,R1_EVENT_OVERLAP,NCCL,C2_RING_SIMPLE_CH8,2048,2048,2048,16,0,1048576,12,0,115.104,121.728,430.144,308.416,PASS,0
mh_r1_C2_RING_SIMPLE_CH8_N2048_q16_rep4,2,4,2,sm_89,R1_EVENT_OVERLAP,NCCL,C2_RING_SIMPLE_CH8,2048,2048,2048,16,1,1048576,12,0,202.912,433.568,705.568,272.000,PASS,0
mh_r1_C2_RING_SIMPLE_CH8_N2048_q16_rep4,2,4,2,sm_89,R1_EVENT_OVERLAP,NCCL,C2_RING_SIMPLE_CH8,2048,2048,2048,16,2,1048576,12,0,440.192,708.928,1013.568,304.640,PASS,0
mh_r1_C2_RING_SIMPLE_CH8_N2048_q16_rep4,2,4,2,sm_89,R1_EVENT_OVERLAP,NCCL,C2_RING_SIMPLE_CH8,2048,2048,2048,16,3,1048576,12,0,741.216,1017.120,1326.592,309.472,PASS,0
mh_r1_C2_RING_SIMPLE_CH8_N2048_q16_rep4,2,4,2,sm_89,R1_EVENT_OVERLAP,NCCL,C2_RING_SIMPLE_CH8,2048,2048,2048,16,4,1048576,12,0,1003.712,1329.952,1603.520,273.568,PASS,0
mh_r1_C2_RING_SIMPLE_CH8_N2048_q16_rep4,2,4,2,sm_89,R1_EVENT_OVERLAP,NCCL,C2_RING_SIMPLE_CH8,2048,2048,2048,16,5,1048576,12,0,1096.352,1607.040,1915.264,308.224,PASS,0
mh_r1_C2_RING_SIMPLE_CH8_N2048_q16_rep4,2,4,2,sm_89,R1_EVENT_OVERLAP,NCCL,C2_RING_SIMPLE_CH8,2048,2048,2048,16,6,1048576,12,0,1336.736,1918.624,2226.688,308.064,PASS,0
mh_r1_C2_RING_SIMPLE_CH8_N2048_q16_rep4,2,4,2,sm_89,R1_EVENT_OVERLAP,NCCL,C2_RING_SIMPLE_CH8,2048,2048,2048,16,7,1048576,12,0,1638.944,2230.016,2535.840,305.824,PASS,0
mh_r1_C2_RING_SIMPLE_CH8_N2048_q16_rep4,2,4,2,sm_89,R1_EVENT_OVERLAP,NCCL,C2_RING_SIMPLE_CH8,2048,2048,2048,16,8,1048576,12,0,1891.680,2543.104,2850.976,307.872,PASS,0
mh_r1_C2_RING_SIMPLE_CH8_N2048_q16_rep4,2,4,2,sm_89,R1_EVENT_OVERLAP,NCCL,C2_RING_SIMPLE_CH8,2048,2048,2048,16,9,1048576,12,0,2019.776,2854.368,3159.104,304.736,PASS,0
mh_r1_C2_RING_SIMPLE_CH8_N2048_q16_rep4,2,4,2,sm_89,R1_EVENT_OVERLAP,NCCL,C2_RING_SIMPLE_CH8,2048,2048,2048,16,10,1048576,12,0,2320.768,3162.400,3436.576,274.176,PASS,0
mh_r1_C2_RING_SIMPLE_CH8_N2048_q16_rep4,2,4,2,sm_89,R1_EVENT_OVERLAP,NCCL,C2_RING_SIMPLE_CH8,2048,2048,2048,16,11,1048576,12,0,2613.024,3439.936,3745.472,305.536,PASS,0
mh_r1_C2_RING_SIMPLE_CH8_N2048_q16_rep4,2,4,2,sm_89,R1_EVENT_OVERLAP,NCCL,C2_RING_SIMPLE_CH8,2048,2048,2048,16,12,1048576,12,0,2908.544,3749.280,4009.760,260.480,PASS,0
mh_r1_C2_RING_SIMPLE_CH8_N2048_q16_rep4,2,4,2,sm_89,R1_EVENT_OVERLAP,NCCL,C2_RING_SIMPLE_CH8,2048,2048,2048,16,13,1048576,12,0,3195.520,4013.504,4273.280,259.776,PASS,0
mh_r1_C2_RING_SIMPLE_CH8_N2048_q16_rep4,2,4,2,sm_89,R1_EVENT_OVERLAP,NCCL,C2_RING_SIMPLE_CH8,2048,2048,2048,16,14,1048576,12,0,3500.640,4276.704,4537.632,260.928,PASS,0
mh_r1_C2_RING_SIMPLE_CH8_N2048_q16_rep4,2,4,2,sm_89,R1_EVENT_OVERLAP,NCCL,C2_RING_SIMPLE_CH8,2048,2048,2048,16,15,1048576,12,0,3780.032,4541.056,4800.192,259.136,PASS,0
mh_r1_C2_RING_SIMPLE_CH8_N2048_q16_rep4,2,4,2,sm_89,R1_EVENT_OVERLAP,NCCL,C2_RING_SIMPLE_CH8,2048,2048,2048,16,0,1048576,13,0,134.336,140.928,449.760,308.832,PASS,0
mh_r1_C2_RING_SIMPLE_CH8_N2048_q16_rep4,2,4,2,sm_89,R1_EVENT_OVERLAP,NCCL,C2_RING_SIMPLE_CH8,2048,2048,2048,16,1,1048576,13,0,220.032,454.080,723.904,269.824,PASS,0
mh_r1_C2_RING_SIMPLE_CH8_N2048_q16_rep4,2,4,2,sm_89,R1_EVENT_OVERLAP,NCCL,C2_RING_SIMPLE_CH8,2048,2048,2048,16,2,1048576,13,0,460.512,728.448,1032.608,304.160,PASS,0
mh_r1_C2_RING_SIMPLE_CH8_N2048_q16_rep4,2,4,2,sm_89,R1_EVENT_OVERLAP,NCCL,C2_RING_SIMPLE_CH8,2048,2048,2048,16,3,1048576,13,0,766.112,1036.288,1346.592,310.304,PASS,0
mh_r1_C2_RING_SIMPLE_CH8_N2048_q16_rep4,2,4,2,sm_89,R1_EVENT_OVERLAP,NCCL,C2_RING_SIMPLE_CH8,2048,2048,2048,16,4,1048576,13,0,1022.560,1350.400,1624.384,273.984,PASS,0
mh_r1_C2_RING_SIMPLE_CH8_N2048_q16_rep4,2,4,2,sm_89,R1_EVENT_OVERLAP,NCCL,C2_RING_SIMPLE_CH8,2048,2048,2048,16,5,1048576,13,0,1111.904,1628.032,1938.528,310.496,PASS,0
mh_r1_C2_RING_SIMPLE_CH8_N2048_q16_rep4,2,4,2,sm_89,R1_EVENT_OVERLAP,NCCL,C2_RING_SIMPLE_CH8,2048,2048,2048,16,6,1048576,13,0,1356.608,1942.080,2271.680,329.600,PASS,0
mh_r1_C2_RING_SIMPLE_CH8_N2048_q16_rep4,2,4,2,sm_89,R1_EVENT_OVERLAP,NCCL,C2_RING_SIMPLE_CH8,2048,2048,2048,16,7,1048576,13,0,1656.960,2275.232,2584.736,309.504,PASS,0
mh_r1_C2_RING_SIMPLE_CH8_N2048_q16_rep4,2,4,2,sm_89,R1_EVENT_OVERLAP,NCCL,C2_RING_SIMPLE_CH8,2048,2048,2048,16,8,1048576,13,0,1911.840,2588.288,2891.360,303.072,PASS,0
mh_r1_C2_RING_SIMPLE_CH8_N2048_q16_rep4,2,4,2,sm_89,R1_EVENT_OVERLAP,NCCL,C2_RING_SIMPLE_CH8,2048,2048,2048,16,9,1048576,13,0,2013.696,2894.720,3173.952,279.232,PASS,0
mh_r1_C2_RING_SIMPLE_CH8_N2048_q16_rep4,2,4,2,sm_89,R1_EVENT_OVERLAP,NCCL,C2_RING_SIMPLE_CH8,2048,2048,2048,16,10,1048576,13,0,2264.128,3177.600,3483.936,306.336,PASS,0
mh_r1_C2_RING_SIMPLE_CH8_N2048_q16_rep4,2,4,2,sm_89,R1_EVENT_OVERLAP,NCCL,C2_RING_SIMPLE_CH8,2048,2048,2048,16,11,1048576,13,0,2359.744,3487.232,3748.288,261.056,PASS,0
mh_r1_C2_RING_SIMPLE_CH8_N2048_q16_rep4,2,4,2,sm_89,R1_EVENT_OVERLAP,NCCL,C2_RING_SIMPLE_CH8,2048,2048,2048,16,12,1048576,13,0,2618.112,3751.680,4011.744,260.064,PASS,0
mh_r1_C2_RING_SIMPLE_CH8_N2048_q16_rep4,2,4,2,sm_89,R1_EVENT_OVERLAP,NCCL,C2_RING_SIMPLE_CH8,2048,2048,2048,16,13,1048576,13,0,2901.696,4015.168,4275.712,260.544,PASS,0
mh_r1_C2_RING_SIMPLE_CH8_N2048_q16_rep4,2,4,2,sm_89,R1_EVENT_OVERLAP,NCCL,C2_RING_SIMPLE_CH8,2048,2048,2048,16,14,1048576,13,0,3202.272,4279.104,4538.464,259.360,PASS,0
mh_r1_C2_RING_SIMPLE_CH8_N2048_q16_rep4,2,4,2,sm_89,R1_EVENT_OVERLAP,NCCL,C2_RING_SIMPLE_CH8,2048,2048,2048,16,15,1048576,13,0,3507.232,4541.888,4802.048,260.160,PASS,0
mh_r1_C2_RING_SIMPLE_CH8_N2048_q16_rep4,2,4,2,sm_89,R1_EVENT_OVERLAP,NCCL,C2_RING_SIMPLE_CH8,2048,2048,2048,16,0,1048576,14,0,122.336,128.672,434.848,306.176,PASS,0
mh_r1_C2_RING_SIMPLE_CH8_N2048_q16_rep4,2,4,2,sm_89,R1_EVENT_OVERLAP,NCCL,C2_RING_SIMPLE_CH8,2048,2048,2048,16,1,1048576,14,0,209.280,438.336,713.312,274.976,PASS,0
mh_r1_C2_RING_SIMPLE_CH8_N2048_q16_rep4,2,4,2,sm_89,R1_EVENT_OVERLAP,NCCL,C2_RING_SIMPLE_CH8,2048,2048,2048,16,2,1048576,14,0,446.528,716.640,1025.600,308.960,PASS,0
mh_r1_C2_RING_SIMPLE_CH8_N2048_q16_rep4,2,4,2,sm_89,R1_EVENT_OVERLAP,NCCL,C2_RING_SIMPLE_CH8,2048,2048,2048,16,3,1048576,14,0,761.280,1028.960,1339.392,310.432,PASS,0
mh_r1_C2_RING_SIMPLE_CH8_N2048_q16_rep4,2,4,2,sm_89,R1_EVENT_OVERLAP,NCCL,C2_RING_SIMPLE_CH8,2048,2048,2048,16,4,1048576,14,0,1018.240,1342.752,1657.216,314.464,PASS,0
mh_r1_C2_RING_SIMPLE_CH8_N2048_q16_rep4,2,4,2,sm_89,R1_EVENT_OVERLAP,NCCL,C2_RING_SIMPLE_CH8,2048,2048,2048,16,5,1048576,14,0,1118.560,1660.608,1945.536,284.928,PASS,0
mh_r1_C2_RING_SIMPLE_CH8_N2048_q16_rep4,2,4,2,sm_89,R1_EVENT_OVERLAP,NCCL,C2_RING_SIMPLE_CH8,2048,2048,2048,16,6,1048576,14,0,1365.440,1950.624,2253.824,303.200,PASS,0
mh_r1_C2_RING_SIMPLE_CH8_N2048_q16_rep4,2,4,2,sm_89,R1_EVENT_OVERLAP,NCCL,C2_RING_SIMPLE_CH8,2048,2048,2048,16,7,1048576,14,0,1669.984,2257.856,2526.976,269.120,PASS,0
mh_r1_C2_RING_SIMPLE_CH8_N2048_q16_rep4,2,4,2,sm_89,R1_EVENT_OVERLAP,NCCL,C2_RING_SIMPLE_CH8,2048,2048,2048,16,8,1048576,14,0,1995.808,2530.560,2835.808,305.248,PASS,0
mh_r1_C2_RING_SIMPLE_CH8_N2048_q16_rep4,2,4,2,sm_89,R1_EVENT_OVERLAP,NCCL,C2_RING_SIMPLE_CH8,2048,2048,2048,16,9,1048576,14,0,2306.336,2839.328,3111.616,272.288,PASS,0
mh_r1_C2_RING_SIMPLE_CH8_N2048_q16_rep4,2,4,2,sm_89,R1_EVENT_OVERLAP,NCCL,C2_RING_SIMPLE_CH8,2048,2048,2048,16,10,1048576,14,0,2585.536,3116.000,3387.936,271.936,PASS,0
mh_r1_C2_RING_SIMPLE_CH8_N2048_q16_rep4,2,4,2,sm_89,R1_EVENT_OVERLAP,NCCL,C2_RING_SIMPLE_CH8,2048,2048,2048,16,11,1048576,14,0,2873.536,3391.264,3662.560,271.296,PASS,0
mh_r1_C2_RING_SIMPLE_CH8_N2048_q16_rep4,2,4,2,sm_89,R1_EVENT_OVERLAP,NCCL,C2_RING_SIMPLE_CH8,2048,2048,2048,16,12,1048576,14,0,3163.584,3665.984,3972.544,306.560,PASS,0
mh_r1_C2_RING_SIMPLE_CH8_N2048_q16_rep4,2,4,2,sm_89,R1_EVENT_OVERLAP,NCCL,C2_RING_SIMPLE_CH8,2048,2048,2048,16,13,1048576,14,0,3446.944,3976.128,4236.128,260.000,PASS,0
mh_r1_C2_RING_SIMPLE_CH8_N2048_q16_rep4,2,4,2,sm_89,R1_EVENT_OVERLAP,NCCL,C2_RING_SIMPLE_CH8,2048,2048,2048,16,14,1048576,14,0,3737.024,4239.584,4500.512,260.928,PASS,0
mh_r1_C2_RING_SIMPLE_CH8_N2048_q16_rep4,2,4,2,sm_89,R1_EVENT_OVERLAP,NCCL,C2_RING_SIMPLE_CH8,2048,2048,2048,16,15,1048576,14,0,4013.216,4503.936,4763.136,259.200,PASS,0
mh_r1_C2_RING_SIMPLE_CH8_N2048_q16_rep4,2,4,2,sm_89,R1_EVENT_OVERLAP,NCCL,C2_RING_SIMPLE_CH8,2048,2048,2048,16,0,1048576,15,0,133.984,140.672,449.824,309.152,PASS,0
mh_r1_C2_RING_SIMPLE_CH8_N2048_q16_rep4,2,4,2,sm_89,R1_EVENT_OVERLAP,NCCL,C2_RING_SIMPLE_CH8,2048,2048,2048,16,1,1048576,15,0,223.200,453.248,735.968,282.720,PASS,0
mh_r1_C2_RING_SIMPLE_CH8_N2048_q16_rep4,2,4,2,sm_89,R1_EVENT_OVERLAP,NCCL,C2_RING_SIMPLE_CH8,2048,2048,2048,16,2,1048576,15,0,460.864,739.680,1045.280,305.600,PASS,0
mh_r1_C2_RING_SIMPLE_CH8_N2048_q16_rep4,2,4,2,sm_89,R1_EVENT_OVERLAP,NCCL,C2_RING_SIMPLE_CH8,2048,2048,2048,16,3,1048576,15,0,763.520,1048.768,1354.368,305.600,PASS,0
mh_r1_C2_RING_SIMPLE_CH8_N2048_q16_rep4,2,4,2,sm_89,R1_EVENT_OVERLAP,NCCL,C2_RING_SIMPLE_CH8,2048,2048,2048,16,4,1048576,15,0,1017.088,1357.792,1670.176,312.384,PASS,0
mh_r1_C2_RING_SIMPLE_CH8_N2048_q16_rep4,2,4,2,sm_89,R1_EVENT_OVERLAP,NCCL,C2_RING_SIMPLE_CH8,2048,2048,2048,16,5,1048576,15,0,1109.440,1673.600,1945.056,271.456,PASS,0
mh_r1_C2_RING_SIMPLE_CH8_N2048_q16_rep4,2,4,2,sm_89,R1_EVENT_OVERLAP,NCCL,C2_RING_SIMPLE_CH8,2048,2048,2048,16,6,1048576,15,0,1344.480,1948.384,2252.864,304.480,PASS,0
mh_r1_C2_RING_SIMPLE_CH8_N2048_q16_rep4,2,4,2,sm_89,R1_EVENT_OVERLAP,NCCL,C2_RING_SIMPLE_CH8,2048,2048,2048,16,7,1048576,15,0,1445.824,2256.608,2566.080,309.472,PASS,0
mh_r1_C2_RING_SIMPLE_CH8_N2048_q16_rep4,2,4,2,sm_89,R1_EVENT_OVERLAP,NCCL,C2_RING_SIMPLE_CH8,2048,2048,2048,16,8,1048576,15,0,1683.840,2569.888,2848.128,278.240,PASS,0
mh_r1_C2_RING_SIMPLE_CH8_N2048_q16_rep4,2,4,2,sm_89,R1_EVENT_OVERLAP,NCCL,C2_RING_SIMPLE_CH8,2048,2048,2048,16,9,1048576,15,0,1979.968,2851.488,3161.440,309.952,PASS,0
mh_r1_C2_RING_SIMPLE_CH8_N2048_q16_rep4,2,4,2,sm_89,R1_EVENT_OVERLAP,NCCL,C2_RING_SIMPLE_CH8,2048,2048,2048,16,10,1048576,15,0,2241.088,3169.120,3490.784,321.664,PASS,0
mh_r1_C2_RING_SIMPLE_CH8_N2048_q16_rep4,2,4,2,sm_89,R1_EVENT_OVERLAP,NCCL,C2_RING_SIMPLE_CH8,2048,2048,2048,16,11,1048576,15,0,2332.000,3494.368,3791.968,297.600,PASS,0
mh_r1_C2_RING_SIMPLE_CH8_N2048_q16_rep4,2,4,2,sm_89,R1_EVENT_OVERLAP,NCCL,C2_RING_SIMPLE_CH8,2048,2048,2048,16,12,1048576,15,0,2576.224,3795.424,4055.488,260.064,PASS,0
mh_r1_C2_RING_SIMPLE_CH8_N2048_q16_rep4,2,4,2,sm_89,R1_EVENT_OVERLAP,NCCL,C2_RING_SIMPLE_CH8,2048,2048,2048,16,13,1048576,15,0,2878.272,4058.880,4320.864,261.984,PASS,0
mh_r1_C2_RING_SIMPLE_CH8_N2048_q16_rep4,2,4,2,sm_89,R1_EVENT_OVERLAP,NCCL,C2_RING_SIMPLE_CH8,2048,2048,2048,16,14,1048576,15,0,3201.152,4324.256,4584.160,259.904,PASS,0
mh_r1_C2_RING_SIMPLE_CH8_N2048_q16_rep4,2,4,2,sm_89,R1_EVENT_OVERLAP,NCCL,C2_RING_SIMPLE_CH8,2048,2048,2048,16,15,1048576,15,0,3518.176,4587.552,4847.456,259.904,PASS,0
mh_r1_C2_RING_SIMPLE_CH8_N2048_q16_rep4,2,4,2,sm_89,R1_EVENT_OVERLAP,NCCL,C2_RING_SIMPLE_CH8,2048,2048,2048,16,0,1048576,16,0,116.384,122.720,433.504,310.784,PASS,0
mh_r1_C2_RING_SIMPLE_CH8_N2048_q16_rep4,2,4,2,sm_89,R1_EVENT_OVERLAP,NCCL,C2_RING_SIMPLE_CH8,2048,2048,2048,16,1,1048576,16,0,204.288,437.312,753.440,316.128,PASS,0
mh_r1_C2_RING_SIMPLE_CH8_N2048_q16_rep4,2,4,2,sm_89,R1_EVENT_OVERLAP,NCCL,C2_RING_SIMPLE_CH8,2048,2048,2048,16,2,1048576,16,0,455.104,756.864,1030.144,273.280,PASS,0
mh_r1_C2_RING_SIMPLE_CH8_N2048_q16_rep4,2,4,2,sm_89,R1_EVENT_OVERLAP,NCCL,C2_RING_SIMPLE_CH8,2048,2048,2048,16,3,1048576,16,0,769.120,1033.536,1346.592,313.056,PASS,0
mh_r1_C2_RING_SIMPLE_CH8_N2048_q16_rep4,2,4,2,sm_89,R1_EVENT_OVERLAP,NCCL,C2_RING_SIMPLE_CH8,2048,2048,2048,16,4,1048576,16,0,1078.208,1350.304,1631.808,281.504,PASS,0
mh_r1_C2_RING_SIMPLE_CH8_N2048_q16_rep4,2,4,2,sm_89,R1_EVENT_OVERLAP,NCCL,C2_RING_SIMPLE_CH8,2048,2048,2048,16,5,1048576,16,0,1380.288,1635.104,1939.968,304.864,PASS,0
mh_r1_C2_RING_SIMPLE_CH8_N2048_q16_rep4,2,4,2,sm_89,R1_EVENT_OVERLAP,NCCL,C2_RING_SIMPLE_CH8,2048,2048,2048,16,6,1048576,16,0,1681.280,1943.712,2219.040,275.328,PASS,0
mh_r1_C2_RING_SIMPLE_CH8_N2048_q16_rep4,2,4,2,sm_89,R1_EVENT_OVERLAP,NCCL,C2_RING_SIMPLE_CH8,2048,2048,2048,16,7,1048576,16,0,1961.824,2222.304,2493.920,271.616,PASS,0
mh_r1_C2_RING_SIMPLE_CH8_N2048_q16_rep4,2,4,2,sm_89,R1_EVENT_OVERLAP,NCCL,C2_RING_SIMPLE_CH8,2048,2048,2048,16,8,1048576,16,0,2274.592,2497.760,2804.800,307.040,PASS,0
mh_r1_C2_RING_SIMPLE_CH8_N2048_q16_rep4,2,4,2,sm_89,R1_EVENT_OVERLAP,NCCL,C2_RING_SIMPLE_CH8,2048,2048,2048,16,9,1048576,16,0,2551.840,2808.736,3084.864,276.128,PASS,0
mh_r1_C2_RING_SIMPLE_CH8_N2048_q16_rep4,2,4,2,sm_89,R1_EVENT_OVERLAP,NCCL,C2_RING_SIMPLE_CH8,2048,2048,2048,16,10,1048576,16,0,2853.280,3088.256,3359.712,271.456,PASS,0
mh_r1_C2_RING_SIMPLE_CH8_N2048_q16_rep4,2,4,2,sm_89,R1_EVENT_OVERLAP,NCCL,C2_RING_SIMPLE_CH8,2048,2048,2048,16,11,1048576,16,0,3141.792,3363.072,3667.936,304.864,PASS,0
mh_r1_C2_RING_SIMPLE_CH8_N2048_q16_rep4,2,4,2,sm_89,R1_EVENT_OVERLAP,NCCL,C2_RING_SIMPLE_CH8,2048,2048,2048,16,12,1048576,16,0,3417.440,3671.296,3942.848,271.552,PASS,0
mh_r1_C2_RING_SIMPLE_CH8_N2048_q16_rep4,2,4,2,sm_89,R1_EVENT_OVERLAP,NCCL,C2_RING_SIMPLE_CH8,2048,2048,2048,16,13,1048576,16,0,3710.144,3946.240,4216.992,270.752,PASS,0
mh_r1_C2_RING_SIMPLE_CH8_N2048_q16_rep4,2,4,2,sm_89,R1_EVENT_OVERLAP,NCCL,C2_RING_SIMPLE_CH8,2048,2048,2048,16,14,1048576,16,0,3999.168,4220.736,4517.856,297.120,PASS,0
mh_r1_C2_RING_SIMPLE_CH8_N2048_q16_rep4,2,4,2,sm_89,R1_EVENT_OVERLAP,NCCL,C2_RING_SIMPLE_CH8,2048,2048,2048,16,15,1048576,16,0,4272.768,4521.248,4780.128,258.880,PASS,0
mh_r1_C2_RING_SIMPLE_CH8_N2048_q16_rep4,2,4,2,sm_89,R1_EVENT_OVERLAP,NCCL,C2_RING_SIMPLE_CH8,2048,2048,2048,16,0,1048576,17,0,132.448,138.848,448.992,310.144,PASS,0
mh_r1_C2_RING_SIMPLE_CH8_N2048_q16_rep4,2,4,2,sm_89,R1_EVENT_OVERLAP,NCCL,C2_RING_SIMPLE_CH8,2048,2048,2048,16,1,1048576,17,0,219.104,452.864,727.552,274.688,PASS,0
mh_r1_C2_RING_SIMPLE_CH8_N2048_q16_rep4,2,4,2,sm_89,R1_EVENT_OVERLAP,NCCL,C2_RING_SIMPLE_CH8,2048,2048,2048,16,2,1048576,17,0,459.360,731.104,1043.232,312.128,PASS,0
mh_r1_C2_RING_SIMPLE_CH8_N2048_q16_rep4,2,4,2,sm_89,R1_EVENT_OVERLAP,NCCL,C2_RING_SIMPLE_CH8,2048,2048,2048,16,3,1048576,17,0,764.096,1046.976,1356.704,309.728,PASS,0
mh_r1_C2_RING_SIMPLE_CH8_N2048_q16_rep4,2,4,2,sm_89,R1_EVENT_OVERLAP,NCCL,C2_RING_SIMPLE_CH8,2048,2048,2048,16,4,1048576,17,0,1020.928,1360.288,1644.192,283.904,PASS,0
mh_r1_C2_RING_SIMPLE_CH8_N2048_q16_rep4,2,4,2,sm_89,R1_EVENT_OVERLAP,NCCL,C2_RING_SIMPLE_CH8,2048,2048,2048,16,5,1048576,17,0,1113.792,1647.712,1959.232,311.520,PASS,0
mh_r1_C2_RING_SIMPLE_CH8_N2048_q16_rep4,2,4,2,sm_89,R1_EVENT_OVERLAP,NCCL,C2_RING_SIMPLE_CH8,2048,2048,2048,16,6,1048576,17,0,1367.200,1962.624,2274.304,311.680,PASS,0
mh_r1_C2_RING_SIMPLE_CH8_N2048_q16_rep4,2,4,2,sm_89,R1_EVENT_OVERLAP,NCCL,C2_RING_SIMPLE_CH8,2048,2048,2048,16,7,1048576,17,0,1667.776,2277.984,2584.992,307.008,PASS,0
mh_r1_C2_RING_SIMPLE_CH8_N2048_q16_rep4,2,4,2,sm_89,R1_EVENT_OVERLAP,NCCL,C2_RING_SIMPLE_CH8,2048,2048,2048,16,8,1048576,17,0,1933.472,2588.352,2899.008,310.656,PASS,0
mh_r1_C2_RING_SIMPLE_CH8_N2048_q16_rep4,2,4,2,sm_89,R1_EVENT_OVERLAP,NCCL,C2_RING_SIMPLE_CH8,2048,2048,2048,16,9,1048576,17,0,2025.600,2902.368,3211.840,309.472,PASS,0
mh_r1_C2_RING_SIMPLE_CH8_N2048_q16_rep4,2,4,2,sm_89,R1_EVENT_OVERLAP,NCCL,C2_RING_SIMPLE_CH8,2048,2048,2048,16,10,1048576,17,0,2266.912,3215.904,3489.600,273.696,PASS,0
mh_r1_C2_RING_SIMPLE_CH8_N2048_q16_rep4,2,4,2,sm_89,R1_EVENT_OVERLAP,NCCL,C2_RING_SIMPLE_CH8,2048,2048,2048,16,11,1048576,17,0,2574.688,3492.992,3790.336,297.344,PASS,0
mh_r1_C2_RING_SIMPLE_CH8_N2048_q16_rep4,2,4,2,sm_89,R1_EVENT_OVERLAP,NCCL,C2_RING_SIMPLE_CH8,2048,2048,2048,16,12,1048576,17,0,2844.352,3793.728,4053.184,259.456,PASS,0
mh_r1_C2_RING_SIMPLE_CH8_N2048_q16_rep4,2,4,2,sm_89,R1_EVENT_OVERLAP,NCCL,C2_RING_SIMPLE_CH8,2048,2048,2048,16,13,1048576,17,0,2938.368,4056.640,4317.056,260.416,PASS,0
mh_r1_C2_RING_SIMPLE_CH8_N2048_q16_rep4,2,4,2,sm_89,R1_EVENT_OVERLAP,NCCL,C2_RING_SIMPLE_CH8,2048,2048,2048,16,14,1048576,17,0,3222.176,4320.576,4580.288,259.712,PASS,0
mh_r1_C2_RING_SIMPLE_CH8_N2048_q16_rep4,2,4,2,sm_89,R1_EVENT_OVERLAP,NCCL,C2_RING_SIMPLE_CH8,2048,2048,2048,16,15,1048576,17,0,3515.744,4583.680,4843.200,259.520,PASS,0
mh_r1_C2_RING_SIMPLE_CH8_N2048_q16_rep4,2,4,2,sm_89,R1_EVENT_OVERLAP,NCCL,C2_RING_SIMPLE_CH8,2048,2048,2048,16,0,1048576,18,0,124.832,131.360,438.464,307.104,PASS,0
mh_r1_C2_RING_SIMPLE_CH8_N2048_q16_rep4,2,4,2,sm_89,R1_EVENT_OVERLAP,NCCL,C2_RING_SIMPLE_CH8,2048,2048,2048,16,1,1048576,18,0,211.040,442.176,716.224,274.048,PASS,0
mh_r1_C2_RING_SIMPLE_CH8_N2048_q16_rep4,2,4,2,sm_89,R1_EVENT_OVERLAP,NCCL,C2_RING_SIMPLE_CH8,2048,2048,2048,16,2,1048576,18,0,456.352,726.880,1035.648,308.768,PASS,0
mh_r1_C2_RING_SIMPLE_CH8_N2048_q16_rep4,2,4,2,sm_89,R1_EVENT_OVERLAP,NCCL,C2_RING_SIMPLE_CH8,2048,2048,2048,16,3,1048576,18,0,782.656,1039.744,1311.104,271.360,PASS,0
mh_r1_C2_RING_SIMPLE_CH8_N2048_q16_rep4,2,4,2,sm_89,R1_EVENT_OVERLAP,NCCL,C2_RING_SIMPLE_CH8,2048,2048,2048,16,4,1048576,18,0,1067.872,1315.008,1621.984,306.976,PASS,0
mh_r1_C2_RING_SIMPLE_CH8_N2048_q16_rep4,2,4,2,sm_89,R1_EVENT_OVERLAP,NCCL,C2_RING_SIMPLE_CH8,2048,2048,2048,16,5,1048576,18,0,1378.592,1625.472,1896.928,271.456,PASS,0
mh_r1_C2_RING_SIMPLE_CH8_N2048_q16_rep4,2,4,2,sm_89,R1_EVENT_OVERLAP,NCCL,C2_RING_SIMPLE_CH8,2048,2048,2048,16,6,1048576,18,0,1650.912,1900.352,2207.616,307.264,PASS,0
mh_r1_C2_RING_SIMPLE_CH8_N2048_q16_rep4,2,4,2,sm_89,R1_EVENT_OVERLAP,NCCL,C2_RING_SIMPLE_CH8,2048,2048,2048,16,7,1048576,18,0,1965.760,2210.976,2484.416,273.440,PASS,0
mh_r1_C2_RING_SIMPLE_CH8_N2048_q16_rep4,2,4,2,sm_89,R1_EVENT_OVERLAP,NCCL,C2_RING_SIMPLE_CH8,2048,2048,2048,16,8,1048576,18,0,2240.928,2487.776,2792.160,304.384,PASS,0
mh_r1_C2_RING_SIMPLE_CH8_N2048_q16_rep4,2,4,2,sm_89,R1_EVENT_OVERLAP,NCCL,C2_RING_SIMPLE_CH8,2048,2048,2048,16,9,1048576,18,0,2550.336,2795.552,3066.272,270.720,PASS,0
mh_r1_C2_RING_SIMPLE_CH8_N2048_q16_rep4,2,4,2,sm_89,R1_EVENT_OVERLAP,NCCL,C2_RING_SIMPLE_CH8,2048,2048,2048,16,10,1048576,18,0,2819.424,3070.144,3377.824,307.680,PASS,0
mh_r1_C2_RING_SIMPLE_CH8_N2048_q16_rep4,2,4,2,sm_89,R1_EVENT_OVERLAP,NCCL,C2_RING_SIMPLE_CH8,2048,2048,2048,16,11,1048576,18,0,3135.840,3381.184,3652.320,271.136,PASS,0
mh_r1_C2_RING_SIMPLE_CH8_N2048_q16_rep4,2,4,2,sm_89,R1_EVENT_OVERLAP,NCCL,C2_RING_SIMPLE_CH8,2048,2048,2048,16,12,1048576,18,0,3412.032,3656.192,3961.312,305.120,PASS,0
mh_r1_C2_RING_SIMPLE_CH8_N2048_q16_rep4,2,4,2,sm_89,R1_EVENT_OVERLAP,NCCL,C2_RING_SIMPLE_CH8,2048,2048,2048,16,13,1048576,18,0,3718.976,3964.736,4237.024,272.288,PASS,0
mh_r1_C2_RING_SIMPLE_CH8_N2048_q16_rep4,2,4,2,sm_89,R1_EVENT_OVERLAP,NCCL,C2_RING_SIMPLE_CH8,2048,2048,2048,16,14,1048576,18,0,3988.640,4240.384,4537.984,297.600,PASS,0
mh_r1_C2_RING_SIMPLE_CH8_N2048_q16_rep4,2,4,2,sm_89,R1_EVENT_OVERLAP,NCCL,C2_RING_SIMPLE_CH8,2048,2048,2048,16,15,1048576,18,0,4303.360,4541.376,4800.576,259.200,PASS,0
mh_r1_C2_RING_SIMPLE_CH8_N2048_q16_rep4,2,4,2,sm_89,R1_EVENT_OVERLAP,NCCL,C2_RING_SIMPLE_CH8,2048,2048,2048,16,0,1048576,19,0,133.088,140.320,452.000,311.680,PASS,0
mh_r1_C2_RING_SIMPLE_CH8_N2048_q16_rep4,2,4,2,sm_89,R1_EVENT_OVERLAP,NCCL,C2_RING_SIMPLE_CH8,2048,2048,2048,16,1,1048576,19,0,219.424,455.712,730.464,274.752,PASS,0
mh_r1_C2_RING_SIMPLE_CH8_N2048_q16_rep4,2,4,2,sm_89,R1_EVENT_OVERLAP,NCCL,C2_RING_SIMPLE_CH8,2048,2048,2048,16,2,1048576,19,0,462.656,733.920,1038.592,304.672,PASS,0
mh_r1_C2_RING_SIMPLE_CH8_N2048_q16_rep4,2,4,2,sm_89,R1_EVENT_OVERLAP,NCCL,C2_RING_SIMPLE_CH8,2048,2048,2048,16,3,1048576,19,0,751.936,1042.112,1357.856,315.744,PASS,0
mh_r1_C2_RING_SIMPLE_CH8_N2048_q16_rep4,2,4,2,sm_89,R1_EVENT_OVERLAP,NCCL,C2_RING_SIMPLE_CH8,2048,2048,2048,16,4,1048576,19,0,1015.200,1361.440,1672.544,311.104,PASS,0
mh_r1_C2_RING_SIMPLE_CH8_N2048_q16_rep4,2,4,2,sm_89,R1_EVENT_OVERLAP,NCCL,C2_RING_SIMPLE_CH8,2048,2048,2048,16,5,1048576,19,0,1105.184,1675.968,1954.080,278.112,PASS,0
mh_r1_C2_RING_SIMPLE_CH8_N2048_q16_rep4,2,4,2,sm_89,R1_EVENT_OVERLAP,NCCL,C2_RING_SIMPLE_CH8,2048,2048,2048,16,6,1048576,19,0,1350.720,1958.208,2273.056,314.848,PASS,0
mh_r1_C2_RING_SIMPLE_CH8_N2048_q16_rep4,2,4,2,sm_89,R1_EVENT_OVERLAP,NCCL,C2_RING_SIMPLE_CH8,2048,2048,2048,16,7,1048576,19,0,1682.464,2276.512,2586.304,309.792,PASS,0
mh_r1_C2_RING_SIMPLE_CH8_N2048_q16_rep4,2,4,2,sm_89,R1_EVENT_OVERLAP,NCCL,C2_RING_SIMPLE_CH8,2048,2048,2048,16,8,1048576,19,0,1986.848,2589.760,2895.520,305.760,PASS,0
mh_r1_C2_RING_SIMPLE_CH8_N2048_q16_rep4,2,4,2,sm_89,R1_EVENT_OVERLAP,NCCL,C2_RING_SIMPLE_CH8,2048,2048,2048,16,9,1048576,19,0,2250.880,2898.880,3209.184,310.304,PASS,0
mh_r1_C2_RING_SIMPLE_CH8_N2048_q16_rep4,2,4,2,sm_89,R1_EVENT_OVERLAP,NCCL,C2_RING_SIMPLE_CH8,2048,2048,2048,16,10,1048576,19,0,2341.024,3212.640,3511.296,298.656,PASS,0
mh_r1_C2_RING_SIMPLE_CH8_N2048_q16_rep4,2,4,2,sm_89,R1_EVENT_OVERLAP,NCCL,C2_RING_SIMPLE_CH8,2048,2048,2048,16,11,1048576,19,0,2578.144,3514.688,3775.232,260.544,PASS,0
mh_r1_C2_RING_SIMPLE_CH8_N2048_q16_rep4,2,4,2,sm_89,R1_EVENT_OVERLAP,NCCL,C2_RING_SIMPLE_CH8,2048,2048,2048,16,12,1048576,19,0,2883.808,3778.816,4038.656,259.840,PASS,0
mh_r1_C2_RING_SIMPLE_CH8_N2048_q16_rep4,2,4,2,sm_89,R1_EVENT_OVERLAP,NCCL,C2_RING_SIMPLE_CH8,2048,2048,2048,16,13,1048576,19,0,3153.216,4042.048,4303.264,261.216,PASS,0
mh_r1_C2_RING_SIMPLE_CH8_N2048_q16_rep4,2,4,2,sm_89,R1_EVENT_OVERLAP,NCCL,C2_RING_SIMPLE_CH8,2048,2048,2048,16,14,1048576,19,0,3242.048,4306.688,4566.848,260.160,PASS,0
mh_r1_C2_RING_SIMPLE_CH8_N2048_q16_rep4,2,4,2,sm_89,R1_EVENT_OVERLAP,NCCL,C2_RING_SIMPLE_CH8,2048,2048,2048,16,15,1048576,19,0,3489.792,4570.240,4830.368,260.128,PASS,0
mh_r1_C2_RING_SIMPLE_CH8_N2048_q16_rep4,2,4,2,sm_89,R1_EVENT_OVERLAP,NCCL,C2_RING_SIMPLE_CH8,2048,2048,2048,16,0,1048576,20,0,126.560,133.344,445.536,312.192,PASS,0
mh_r1_C2_RING_SIMPLE_CH8_N2048_q16_rep4,2,4,2,sm_89,R1_EVENT_OVERLAP,NCCL,C2_RING_SIMPLE_CH8,2048,2048,2048,16,1,1048576,20,0,221.120,448.928,722.784,273.856,PASS,0
mh_r1_C2_RING_SIMPLE_CH8_N2048_q16_rep4,2,4,2,sm_89,R1_EVENT_OVERLAP,NCCL,C2_RING_SIMPLE_CH8,2048,2048,2048,16,2,1048576,20,0,456.928,726.144,1030.144,304.000,PASS,0
mh_r1_C2_RING_SIMPLE_CH8_N2048_q16_rep4,2,4,2,sm_89,R1_EVENT_OVERLAP,NCCL,C2_RING_SIMPLE_CH8,2048,2048,2048,16,3,1048576,20,0,753.728,1033.920,1343.040,309.120,PASS,0
mh_r1_C2_RING_SIMPLE_CH8_N2048_q16_rep4,2,4,2,sm_89,R1_EVENT_OVERLAP,NCCL,C2_RING_SIMPLE_CH8,2048,2048,2048,16,4,1048576,20,0,1007.808,1346.464,1657.632,311.168,PASS,0
mh_r1_C2_RING_SIMPLE_CH8_N2048_q16_rep4,2,4,2,sm_89,R1_EVENT_OVERLAP,NCCL,C2_RING_SIMPLE_CH8,2048,2048,2048,16,5,1048576,20,0,1096.640,1661.184,1937.600,276.416,PASS,0
mh_r1_C2_RING_SIMPLE_CH8_N2048_q16_rep4,2,4,2,sm_89,R1_EVENT_OVERLAP,NCCL,C2_RING_SIMPLE_CH8,2048,2048,2048,16,6,1048576,20,0,1336.288,1940.992,2248.224,307.232,PASS,0
mh_r1_C2_RING_SIMPLE_CH8_N2048_q16_rep4,2,4,2,sm_89,R1_EVENT_OVERLAP,NCCL,C2_RING_SIMPLE_CH8,2048,2048,2048,16,7,1048576,20,0,1424.384,2252.736,2527.936,275.200,PASS,0
mh_r1_C2_RING_SIMPLE_CH8_N2048_q16_rep4,2,4,2,sm_89,R1_EVENT_OVERLAP,NCCL,C2_RING_SIMPLE_CH8,2048,2048,2048,16,8,1048576,20,0,1674.912,2532.224,2837.152,304.928,PASS,0
mh_r1_C2_RING_SIMPLE_CH8_N2048_q16_rep4,2,4,2,sm_89,R1_EVENT_OVERLAP,NCCL,C2_RING_SIMPLE_CH8,2048,2048,2048,16,9,1048576,20,0,2001.024,2840.512,3148.800,308.288,PASS,0
mh_r1_C2_RING_SIMPLE_CH8_N2048_q16_rep4,2,4,2,sm_89,R1_EVENT_OVERLAP,NCCL,C2_RING_SIMPLE_CH8,2048,2048,2048,16,10,1048576,20,0,2284.192,3152.192,3460.416,308.224,PASS,0
mh_r1_C2_RING_SIMPLE_CH8_N2048_q16_rep4,2,4,2,sm_89,R1_EVENT_OVERLAP,NCCL,C2_RING_SIMPLE_CH8,2048,2048,2048,16,11,1048576,20,0,2587.168,3464.192,3723.968,259.776,PASS,0
mh_r1_C2_RING_SIMPLE_CH8_N2048_q16_rep4,2,4,2,sm_89,R1_EVENT_OVERLAP,NCCL,C2_RING_SIMPLE_CH8,2048,2048,2048,16,12,1048576,20,0,2826.656,3727.360,3987.488,260.128,PASS,0
mh_r1_C2_RING_SIMPLE_CH8_N2048_q16_rep4,2,4,2,sm_89,R1_EVENT_OVERLAP,NCCL,C2_RING_SIMPLE_CH8,2048,2048,2048,16,13,1048576,20,0,3126.432,3991.008,4250.656,259.648,PASS,0
mh_r1_C2_RING_SIMPLE_CH8_N2048_q16_rep4,2,4,2,sm_89,R1_EVENT_OVERLAP,NCCL,C2_RING_SIMPLE_CH8,2048,2048,2048,16,14,1048576,20,0,3386.080,4254.080,4514.880,260.800,PASS,0
mh_r1_C2_RING_SIMPLE_CH8_N2048_q16_rep4,2,4,2,sm_89,R1_EVENT_OVERLAP,NCCL,C2_RING_SIMPLE_CH8,2048,2048,2048,16,15,1048576,20,0,3471.776,4518.304,4777.184,258.880,PASS,0
mh_r1_C2_RING_SIMPLE_CH8_N2048_q16_rep4,2,4,2,sm_89,R1_EVENT_OVERLAP,NCCL,C2_RING_SIMPLE_CH8,2048,2048,2048,16,0,1048576,21,0,134.016,140.640,449.184,308.544,PASS,0
mh_r1_C2_RING_SIMPLE_CH8_N2048_q16_rep4,2,4,2,sm_89,R1_EVENT_OVERLAP,NCCL,C2_RING_SIMPLE_CH8,2048,2048,2048,16,1,1048576,21,0,242.496,452.800,760.736,307.936,PASS,0
mh_r1_C2_RING_SIMPLE_CH8_N2048_q16_rep4,2,4,2,sm_89,R1_EVENT_OVERLAP,NCCL,C2_RING_SIMPLE_CH8,2048,2048,2048,16,2,1048576,21,0,470.944,764.320,1045.536,281.216,PASS,0
mh_r1_C2_RING_SIMPLE_CH8_N2048_q16_rep4,2,4,2,sm_89,R1_EVENT_OVERLAP,NCCL,C2_RING_SIMPLE_CH8,2048,2048,2048,16,3,1048576,21,0,781.184,1056.768,1361.536,304.768,PASS,0
mh_r1_C2_RING_SIMPLE_CH8_N2048_q16_rep4,2,4,2,sm_89,R1_EVENT_OVERLAP,NCCL,C2_RING_SIMPLE_CH8,2048,2048,2048,16,4,1048576,21,0,1098.464,1365.024,1640.512,275.488,PASS,0
mh_r1_C2_RING_SIMPLE_CH8_N2048_q16_rep4,2,4,2,sm_89,R1_EVENT_OVERLAP,NCCL,C2_RING_SIMPLE_CH8,2048,2048,2048,16,5,1048576,21,0,1381.728,1644.128,1951.168,307.040,PASS,0
mh_r1_C2_RING_SIMPLE_CH8_N2048_q16_rep4,2,4,2,sm_89,R1_EVENT_OVERLAP,NCCL,C2_RING_SIMPLE_CH8,2048,2048,2048,16,6,1048576,21,0,1687.136,1954.720,2233.600,278.880,PASS,0
mh_r1_C2_RING_SIMPLE_CH8_N2048_q16_rep4,2,4,2,sm_89,R1_EVENT_OVERLAP,NCCL,C2_RING_SIMPLE_CH8,2048,2048,2048,16,7,1048576,21,0,1973.504,2236.928,2541.888,304.960,PASS,0
mh_r1_C2_RING_SIMPLE_CH8_N2048_q16_rep4,2,4,2,sm_89,R1_EVENT_OVERLAP,NCCL,C2_RING_SIMPLE_CH8,2048,2048,2048,16,8,1048576,21,0,2278.688,2546.048,2818.016,271.968,PASS,0
mh_r1_C2_RING_SIMPLE_CH8_N2048_q16_rep4,2,4,2,sm_89,R1_EVENT_OVERLAP,NCCL,C2_RING_SIMPLE_CH8,2048,2048,2048,16,9,1048576,21,0,2568.256,2821.472,3128.320,306.848,PASS,0
mh_r1_C2_RING_SIMPLE_CH8_N2048_q16_rep4,2,4,2,sm_89,R1_EVENT_OVERLAP,NCCL,C2_RING_SIMPLE_CH8,2048,2048,2048,16,10,1048576,21,0,2879.072,3131.680,3403.872,272.192,PASS,0
mh_r1_C2_RING_SIMPLE_CH8_N2048_q16_rep4,2,4,2,sm_89,R1_EVENT_OVERLAP,NCCL,C2_RING_SIMPLE_CH8,2048,2048,2048,16,11,1048576,21,0,3158.848,3407.136,3714.400,307.264,PASS,0
mh_r1_C2_RING_SIMPLE_CH8_N2048_q16_rep4,2,4,2,sm_89,R1_EVENT_OVERLAP,NCCL,C2_RING_SIMPLE_CH8,2048,2048,2048,16,12,1048576,21,0,3471.584,3717.696,3990.400,272.704,PASS,0
mh_r1_C2_RING_SIMPLE_CH8_N2048_q16_rep4,2,4,2,sm_89,R1_EVENT_OVERLAP,NCCL,C2_RING_SIMPLE_CH8,2048,2048,2048,16,13,1048576,21,0,3742.752,3993.792,4298.048,304.256,PASS,0
mh_r1_C2_RING_SIMPLE_CH8_N2048_q16_rep4,2,4,2,sm_89,R1_EVENT_OVERLAP,NCCL,C2_RING_SIMPLE_CH8,2048,2048,2048,16,14,1048576,21,0,4054.432,4301.408,4561.088,259.680,PASS,0
mh_r1_C2_RING_SIMPLE_CH8_N2048_q16_rep4,2,4,2,sm_89,R1_EVENT_OVERLAP,NCCL,C2_RING_SIMPLE_CH8,2048,2048,2048,16,15,1048576,21,0,4325.856,4564.480,4824.576,260.096,PASS,0
mh_r1_C2_RING_SIMPLE_CH8_N2048_q16_rep4,2,4,2,sm_89,R1_EVENT_OVERLAP,NCCL,C2_RING_SIMPLE_CH8,2048,2048,2048,16,0,1048576,22,0,121.632,127.904,436.064,308.160,PASS,0
mh_r1_C2_RING_SIMPLE_CH8_N2048_q16_rep4,2,4,2,sm_89,R1_EVENT_OVERLAP,NCCL,C2_RING_SIMPLE_CH8,2048,2048,2048,16,1,1048576,22,0,206.048,439.392,713.344,273.952,PASS,0
mh_r1_C2_RING_SIMPLE_CH8_N2048_q16_rep4,2,4,2,sm_89,R1_EVENT_OVERLAP,NCCL,C2_RING_SIMPLE_CH8,2048,2048,2048,16,2,1048576,22,0,446.240,716.864,1019.424,302.560,PASS,0
mh_r1_C2_RING_SIMPLE_CH8_N2048_q16_rep4,2,4,2,sm_89,R1_EVENT_OVERLAP,NCCL,C2_RING_SIMPLE_CH8,2048,2048,2048,16,3,1048576,22,0,734.496,1023.104,1336.544,313.440,PASS,0
mh_r1_C2_RING_SIMPLE_CH8_N2048_q16_rep4,2,4,2,sm_89,R1_EVENT_OVERLAP,NCCL,C2_RING_SIMPLE_CH8,2048,2048,2048,16,4,1048576,22,0,1008.480,1339.904,1667.680,327.776,PASS,0
mh_r1_C2_RING_SIMPLE_CH8_N2048_q16_rep4,2,4,2,sm_89,R1_EVENT_OVERLAP,NCCL,C2_RING_SIMPLE_CH8,2048,2048,2048,16,5,1048576,22,0,1127.744,1671.072,1945.248,274.176,PASS,0
mh_r1_C2_RING_SIMPLE_CH8_N2048_q16_rep4,2,4,2,sm_89,R1_EVENT_OVERLAP,NCCL,C2_RING_SIMPLE_CH8,2048,2048,2048,16,6,1048576,22,0,1361.888,1948.960,2258.176,309.216,PASS,0
mh_r1_C2_RING_SIMPLE_CH8_N2048_q16_rep4,2,4,2,sm_89,R1_EVENT_OVERLAP,NCCL,C2_RING_SIMPLE_CH8,2048,2048,2048,16,7,1048576,22,0,1677.376,2262.272,2533.760,271.488,PASS,0
mh_r1_C2_RING_SIMPLE_CH8_N2048_q16_rep4,2,4,2,sm_89,R1_EVENT_OVERLAP,NCCL,C2_RING_SIMPLE_CH8,2048,2048,2048,16,8,1048576,22,0,1972.960,2537.152,2843.552,306.400,PASS,0
mh_r1_C2_RING_SIMPLE_CH8_N2048_q16_rep4,2,4,2,sm_89,R1_EVENT_OVERLAP,NCCL,C2_RING_SIMPLE_CH8,2048,2048,2048,16,9,1048576,22,0,2285.280,2846.944,3119.104,272.160,PASS,0
mh_r1_C2_RING_SIMPLE_CH8_N2048_q16_rep4,2,4,2,sm_89,R1_EVENT_OVERLAP,NCCL,C2_RING_SIMPLE_CH8,2048,2048,2048,16,10,1048576,22,0,2584.224,3122.496,3431.072,308.576,PASS,0
mh_r1_C2_RING_SIMPLE_CH8_N2048_q16_rep4,2,4,2,sm_89,R1_EVENT_OVERLAP,NCCL,C2_RING_SIMPLE_CH8,2048,2048,2048,16,11,1048576,22,0,2884.064,3434.496,3704.160,269.664,PASS,0
mh_r1_C2_RING_SIMPLE_CH8_N2048_q16_rep4,2,4,2,sm_89,R1_EVENT_OVERLAP,NCCL,C2_RING_SIMPLE_CH8,2048,2048,2048,16,12,1048576,22,0,3167.072,3707.520,4012.192,304.672,PASS,0
mh_r1_C2_RING_SIMPLE_CH8_N2048_q16_rep4,2,4,2,sm_89,R1_EVENT_OVERLAP,NCCL,C2_RING_SIMPLE_CH8,2048,2048,2048,16,13,1048576,22,0,3471.872,4015.584,4310.880,295.296,PASS,0
mh_r1_C2_RING_SIMPLE_CH8_N2048_q16_rep4,2,4,2,sm_89,R1_EVENT_OVERLAP,NCCL,C2_RING_SIMPLE_CH8,2048,2048,2048,16,14,1048576,22,0,3756.544,4314.272,4574.912,260.640,PASS,0
mh_r1_C2_RING_SIMPLE_CH8_N2048_q16_rep4,2,4,2,sm_89,R1_EVENT_OVERLAP,NCCL,C2_RING_SIMPLE_CH8,2048,2048,2048,16,15,1048576,22,0,4065.728,4578.432,4836.928,258.496,PASS,0
mh_r1_C2_RING_SIMPLE_CH8_N2048_q16_rep4,2,4,2,sm_89,R1_EVENT_OVERLAP,NCCL,C2_RING_SIMPLE_CH8,2048,2048,2048,16,0,1048576,23,0,135.072,141.728,454.816,313.088,PASS,0
mh_r1_C2_RING_SIMPLE_CH8_N2048_q16_rep4,2,4,2,sm_89,R1_EVENT_OVERLAP,NCCL,C2_RING_SIMPLE_CH8,2048,2048,2048,16,1,1048576,23,0,254.624,458.272,731.008,272.736,PASS,0
mh_r1_C2_RING_SIMPLE_CH8_N2048_q16_rep4,2,4,2,sm_89,R1_EVENT_OVERLAP,NCCL,C2_RING_SIMPLE_CH8,2048,2048,2048,16,2,1048576,23,0,471.648,734.464,1047.776,313.312,PASS,0
mh_r1_C2_RING_SIMPLE_CH8_N2048_q16_rep4,2,4,2,sm_89,R1_EVENT_OVERLAP,NCCL,C2_RING_SIMPLE_CH8,2048,2048,2048,16,3,1048576,23,0,786.528,1051.584,1356.736,305.152,PASS,0
mh_r1_C2_RING_SIMPLE_CH8_N2048_q16_rep4,2,4,2,sm_89,R1_EVENT_OVERLAP,NCCL,C2_RING_SIMPLE_CH8,2048,2048,2048,16,4,1048576,23,0,1093.472,1360.064,1638.336,278.272,PASS,0
mh_r1_C2_RING_SIMPLE_CH8_N2048_q16_rep4,2,4,2,sm_89,R1_EVENT_OVERLAP,NCCL,C2_RING_SIMPLE_CH8,2048,2048,2048,16,5,1048576,23,0,1380.032,1641.984,1945.376,303.392,PASS,0
mh_r1_C2_RING_SIMPLE_CH8_N2048_q16_rep4,2,4,2,sm_89,R1_EVENT_OVERLAP,NCCL,C2_RING_SIMPLE_CH8,2048,2048,2048,16,6,1048576,23,0,1683.712,1948.864,2223.168,274.304,PASS,0
mh_r1_C2_RING_SIMPLE_CH8_N2048_q16_rep4,2,4,2,sm_89,R1_EVENT_OVERLAP,NCCL,C2_RING_SIMPLE_CH8,2048,2048,2048,16,7,1048576,23,0,1959.648,2226.560,2530.464,303.904,PASS,0
mh_r1_C2_RING_SIMPLE_CH8_N2048_q16_rep4,2,4,2,sm_89,R1_EVENT_OVERLAP,NCCL,C2_RING_SIMPLE_CH8,2048,2048,2048,16,8,1048576,23,0,2270.912,2533.888,2810.080,276.192,PASS,0
mh_r1_C2_RING_SIMPLE_CH8_N2048_q16_rep4,2,4,2,sm_89,R1_EVENT_OVERLAP,NCCL,C2_RING_SIMPLE_CH8,2048,2048,2048,16,9,1048576,23,0,2546.592,2814.080,3124.800,310.720,PASS,0
mh_r1_C2_RING_SIMPLE_CH8_N2048_q16_rep4,2,4,2,sm_89,R1_EVENT_OVERLAP,NCCL,C2_RING_SIMPLE_CH8,2048,2048,2048,16,10,1048576,23,0,2856.288,3128.224,3400.448,272.224,PASS,0
mh_r1_C2_RING_SIMPLE_CH8_N2048_q16_rep4,2,4,2,sm_89,R1_EVENT_OVERLAP,NCCL,C2_RING_SIMPLE_CH8,2048,2048,2048,16,11,1048576,23,0,3141.568,3403.840,3710.208,306.368,PASS,0
mh_r1_C2_RING_SIMPLE_CH8_N2048_q16_rep4,2,4,2,sm_89,R1_EVENT_OVERLAP,NCCL,C2_RING_SIMPLE_CH8,2048,2048,2048,16,12,1048576,23,0,3453.056,3713.568,3986.272,272.704,PASS,0
mh_r1_C2_RING_SIMPLE_CH8_N2048_q16_rep4,2,4,2,sm_89,R1_EVENT_OVERLAP,NCCL,C2_RING_SIMPLE_CH8,2048,2048,2048,16,13,1048576,23,0,3730.496,3990.144,4296.576,306.432,PASS,0
mh_r1_C2_RING_SIMPLE_CH8_N2048_q16_rep4,2,4,2,sm_89,R1_EVENT_OVERLAP,NCCL,C2_RING_SIMPLE_CH8,2048,2048,2048,16,14,1048576,23,0,4037.600,4300.000,4559.680,259.680,PASS,0
mh_r1_C2_RING_SIMPLE_CH8_N2048_q16_rep4,2,4,2,sm_89,R1_EVENT_OVERLAP,NCCL,C2_RING_SIMPLE_CH8,2048,2048,2048,16,15,1048576,23,0,4312.096,4563.104,4823.328,260.224,PASS,0
mh_r1_C2_RING_SIMPLE_CH8_N2048_q16_rep4,2,4,2,sm_89,R1_EVENT_OVERLAP,NCCL,C2_RING_SIMPLE_CH8,2048,2048,2048,16,0,1048576,24,0,127.328,133.536,440.640,307.104,PASS,0
mh_r1_C2_RING_SIMPLE_CH8_N2048_q16_rep4,2,4,2,sm_89,R1_EVENT_OVERLAP,NCCL,C2_RING_SIMPLE_CH8,2048,2048,2048,16,1,1048576,24,0,213.408,444.192,718.560,274.368,PASS,0
mh_r1_C2_RING_SIMPLE_CH8_N2048_q16_rep4,2,4,2,sm_89,R1_EVENT_OVERLAP,NCCL,C2_RING_SIMPLE_CH8,2048,2048,2048,16,2,1048576,24,0,451.072,722.144,1030.976,308.832,PASS,0
mh_r1_C2_RING_SIMPLE_CH8_N2048_q16_rep4,2,4,2,sm_89,R1_EVENT_OVERLAP,NCCL,C2_RING_SIMPLE_CH8,2048,2048,2048,16,3,1048576,24,0,742.784,1034.432,1344.704,310.272,PASS,0
mh_r1_C2_RING_SIMPLE_CH8_N2048_q16_rep4,2,4,2,sm_89,R1_EVENT_OVERLAP,NCCL,C2_RING_SIMPLE_CH8,2048,2048,2048,16,4,1048576,24,0,1021.056,1348.096,1630.176,282.080,PASS,0
mh_r1_C2_RING_SIMPLE_CH8_N2048_q16_rep4,2,4,2,sm_89,R1_EVENT_OVERLAP,NCCL,C2_RING_SIMPLE_CH8,2048,2048,2048,16,5,1048576,24,0,1117.056,1634.112,1939.008,304.896,PASS,0
mh_r1_C2_RING_SIMPLE_CH8_N2048_q16_rep4,2,4,2,sm_89,R1_EVENT_OVERLAP,NCCL,C2_RING_SIMPLE_CH8,2048,2048,2048,16,6,1048576,24,0,1355.232,1943.200,2273.312,330.112,PASS,0
mh_r1_C2_RING_SIMPLE_CH8_N2048_q16_rep4,2,4,2,sm_89,R1_EVENT_OVERLAP,NCCL,C2_RING_SIMPLE_CH8,2048,2048,2048,16,7,1048576,24,0,1662.464,2276.960,2586.784,309.824,PASS,0
mh_r1_C2_RING_SIMPLE_CH8_N2048_q16_rep4,2,4,2,sm_89,R1_EVENT_OVERLAP,NCCL,C2_RING_SIMPLE_CH8,2048,2048,2048,16,8,1048576,24,0,1908.704,2590.752,2863.904,273.152,PASS,0
mh_r1_C2_RING_SIMPLE_CH8_N2048_q16_rep4,2,4,2,sm_89,R1_EVENT_OVERLAP,NCCL,C2_RING_SIMPLE_CH8,2048,2048,2048,16,9,1048576,24,0,2012.096,2867.648,3173.824,306.176,PASS,0
mh_r1_C2_RING_SIMPLE_CH8_N2048_q16_rep4,2,4,2,sm_89,R1_EVENT_OVERLAP,NCCL,C2_RING_SIMPLE_CH8,2048,2048,2048,16,10,1048576,24,0,2247.680,3177.184,3449.792,272.608,PASS,0
mh_r1_C2_RING_SIMPLE_CH8_N2048_q16_rep4,2,4,2,sm_89,R1_EVENT_OVERLAP,NCCL,C2_RING_SIMPLE_CH8,2048,2048,2048,16,11,1048576,24,0,2347.200,3453.088,3712.256,259.168,PASS,0
mh_r1_C2_RING_SIMPLE_CH8_N2048_q16_rep4,2,4,2,sm_89,R1_EVENT_OVERLAP,NCCL,C2_RING_SIMPLE_CH8,2048,2048,2048,16,12,1048576,24,0,2597.184,3715.680,3975.936,260.256,PASS,0
mh_r1_C2_RING_SIMPLE_CH8_N2048_q16_rep4,2,4,2,sm_89,R1_EVENT_OVERLAP,NCCL,C2_RING_SIMPLE_CH8,2048,2048,2048,16,13,1048576,24,0,2903.168,3979.360,4239.552,260.192,PASS,0
mh_r1_C2_RING_SIMPLE_CH8_N2048_q16_rep4,2,4,2,sm_89,R1_EVENT_OVERLAP,NCCL,C2_RING_SIMPLE_CH8,2048,2048,2048,16,14,1048576,24,0,3210.496,4242.976,4503.072,260.096,PASS,0
mh_r1_C2_RING_SIMPLE_CH8_N2048_q16_rep4,2,4,2,sm_89,R1_EVENT_OVERLAP,NCCL,C2_RING_SIMPLE_CH8,2048,2048,2048,16,15,1048576,24,0,3507.328,4506.528,4765.312,258.784,PASS,0
mh_r1_C2_RING_SIMPLE_CH8_N2048_q16_rep4,2,4,2,sm_89,R1_EVENT_OVERLAP,NCCL,C2_RING_SIMPLE_CH8,2048,2048,2048,16,0,1048576,25,0,139.072,145.312,456.544,311.232,PASS,0
mh_r1_C2_RING_SIMPLE_CH8_N2048_q16_rep4,2,4,2,sm_89,R1_EVENT_OVERLAP,NCCL,C2_RING_SIMPLE_CH8,2048,2048,2048,16,1,1048576,25,0,226.880,459.936,737.088,277.152,PASS,0
mh_r1_C2_RING_SIMPLE_CH8_N2048_q16_rep4,2,4,2,sm_89,R1_EVENT_OVERLAP,NCCL,C2_RING_SIMPLE_CH8,2048,2048,2048,16,2,1048576,25,0,466.720,740.480,1056.512,316.032,PASS,0
mh_r1_C2_RING_SIMPLE_CH8_N2048_q16_rep4,2,4,2,sm_89,R1_EVENT_OVERLAP,NCCL,C2_RING_SIMPLE_CH8,2048,2048,2048,16,3,1048576,25,0,767.008,1059.808,1368.160,308.352,PASS,0
mh_r1_C2_RING_SIMPLE_CH8_N2048_q16_rep4,2,4,2,sm_89,R1_EVENT_OVERLAP,NCCL,C2_RING_SIMPLE_CH8,2048,2048,2048,16,4,1048576,25,0,1033.536,1371.584,1678.144,306.560,PASS,0
mh_r1_C2_RING_SIMPLE_CH8_N2048_q16_rep4,2,4,2,sm_89,R1_EVENT_OVERLAP,NCCL,C2_RING_SIMPLE_CH8,2048,2048,2048,16,5,1048576,25,0,1358.112,1681.504,1988.480,306.976,PASS,0
mh_r1_C2_RING_SIMPLE_CH8_N2048_q16_rep4,2,4,2,sm_89,R1_EVENT_OVERLAP,NCCL,C2_RING_SIMPLE_CH8,2048,2048,2048,16,6,1048576,25,0,1665.632,1991.968,2302.112,310.144,PASS,0
mh_r1_C2_RING_SIMPLE_CH8_N2048_q16_rep4,2,4,2,sm_89,R1_EVENT_OVERLAP,NCCL,C2_RING_SIMPLE_CH8,2048,2048,2048,16,7,1048576,25,0,1946.272,2305.536,2612.480,306.944,PASS,0
mh_r1_C2_RING_SIMPLE_CH8_N2048_q16_rep4,2,4,2,sm_89,R1_EVENT_OVERLAP,NCCL,C2_RING_SIMPLE_CH8,2048,2048,2048,16,8,1048576,25,0,2257.600,2615.936,2921.408,305.472,PASS,0
mh_r1_C2_RING_SIMPLE_CH8_N2048_q16_rep4,2,4,2,sm_89,R1_EVENT_OVERLAP,NCCL,C2_RING_SIMPLE_CH8,2048,2048,2048,16,9,1048576,25,0,2571.712,2924.768,3229.024,304.256,PASS,0
mh_r1_C2_RING_SIMPLE_CH8_N2048_q16_rep4,2,4,2,sm_89,R1_EVENT_OVERLAP,NCCL,C2_RING_SIMPLE_CH8,2048,2048,2048,16,10,1048576,25,0,2876.160,3232.608,3537.024,304.416,PASS,0
mh_r1_C2_RING_SIMPLE_CH8_N2048_q16_rep4,2,4,2,sm_89,R1_EVENT_OVERLAP,NCCL,C2_RING_SIMPLE_CH8,2048,2048,2048,16,11,1048576,25,0,3154.336,3540.416,3845.568,305.152,PASS,0
mh_r1_C2_RING_SIMPLE_CH8_N2048_q16_rep4,2,4,2,sm_89,R1_EVENT_OVERLAP,NCCL,C2_RING_SIMPLE_CH8,2048,2048,2048,16,12,1048576,25,0,3465.472,3849.024,4171.776,322.752,PASS,0
mh_r1_C2_RING_SIMPLE_CH8_N2048_q16_rep4,2,4,2,sm_89,R1_EVENT_OVERLAP,NCCL,C2_RING_SIMPLE_CH8,2048,2048,2048,16,13,1048576,25,0,3744.768,4175.232,4499.424,324.192,PASS,0
mh_r1_C2_RING_SIMPLE_CH8_N2048_q16_rep4,2,4,2,sm_89,R1_EVENT_OVERLAP,NCCL,C2_RING_SIMPLE_CH8,2048,2048,2048,16,14,1048576,25,0,4054.496,4502.848,4762.880,260.032,PASS,0
mh_r1_C2_RING_SIMPLE_CH8_N2048_q16_rep4,2,4,2,sm_89,R1_EVENT_OVERLAP,NCCL,C2_RING_SIMPLE_CH8,2048,2048,2048,16,15,1048576,25,0,4334.656,4766.336,5026.240,259.904,PASS,0
mh_r1_C2_RING_SIMPLE_CH8_N2048_q16_rep4,2,4,2,sm_89,R1_EVENT_OVERLAP,NCCL,C2_RING_SIMPLE_CH8,2048,2048,2048,16,0,1048576,26,0,124.768,131.616,440.224,308.608,PASS,0
mh_r1_C2_RING_SIMPLE_CH8_N2048_q16_rep4,2,4,2,sm_89,R1_EVENT_OVERLAP,NCCL,C2_RING_SIMPLE_CH8,2048,2048,2048,16,1,1048576,26,0,209.824,443.776,722.976,279.200,PASS,0
mh_r1_C2_RING_SIMPLE_CH8_N2048_q16_rep4,2,4,2,sm_89,R1_EVENT_OVERLAP,NCCL,C2_RING_SIMPLE_CH8,2048,2048,2048,16,2,1048576,26,0,450.400,726.432,1032.160,305.728,PASS,0
mh_r1_C2_RING_SIMPLE_CH8_N2048_q16_rep4,2,4,2,sm_89,R1_EVENT_OVERLAP,NCCL,C2_RING_SIMPLE_CH8,2048,2048,2048,16,3,1048576,26,0,746.016,1035.488,1347.680,312.192,PASS,0
mh_r1_C2_RING_SIMPLE_CH8_N2048_q16_rep4,2,4,2,sm_89,R1_EVENT_OVERLAP,NCCL,C2_RING_SIMPLE_CH8,2048,2048,2048,16,4,1048576,26,0,1009.216,1351.424,1621.312,269.888,PASS,0
mh_r1_C2_RING_SIMPLE_CH8_N2048_q16_rep4,2,4,2,sm_89,R1_EVENT_OVERLAP,NCCL,C2_RING_SIMPLE_CH8,2048,2048,2048,16,5,1048576,26,0,1111.520,1624.960,1934.208,309.248,PASS,0
mh_r1_C2_RING_SIMPLE_CH8_N2048_q16_rep4,2,4,2,sm_89,R1_EVENT_OVERLAP,NCCL,C2_RING_SIMPLE_CH8,2048,2048,2048,16,6,1048576,26,0,1358.112,1937.728,2252.096,314.368,PASS,0
mh_r1_C2_RING_SIMPLE_CH8_N2048_q16_rep4,2,4,2,sm_89,R1_EVENT_OVERLAP,NCCL,C2_RING_SIMPLE_CH8,2048,2048,2048,16,7,1048576,26,0,1651.968,2255.584,2526.912,271.328,PASS,0
mh_r1_C2_RING_SIMPLE_CH8_N2048_q16_rep4,2,4,2,sm_89,R1_EVENT_OVERLAP,NCCL,C2_RING_SIMPLE_CH8,2048,2048,2048,16,8,1048576,26,0,1908.896,2530.304,2840.448,310.144,PASS,0
mh_r1_C2_RING_SIMPLE_CH8_N2048_q16_rep4,2,4,2,sm_89,R1_EVENT_OVERLAP,NCCL,C2_RING_SIMPLE_CH8,2048,2048,2048,16,9,1048576,26,0,2038.144,2843.840,3116.704,272.864,PASS,0
mh_r1_C2_RING_SIMPLE_CH8_N2048_q16_rep4,2,4,2,sm_89,R1_EVENT_OVERLAP,NCCL,C2_RING_SIMPLE_CH8,2048,2048,2048,16,10,1048576,26,0,2267.616,3120.064,3428.064,308.000,PASS,0
mh_r1_C2_RING_SIMPLE_CH8_N2048_q16_rep4,2,4,2,sm_89,R1_EVENT_OVERLAP,NCCL,C2_RING_SIMPLE_CH8,2048,2048,2048,16,11,1048576,26,0,2579.072,3431.456,3701.888,270.432,PASS,0
mh_r1_C2_RING_SIMPLE_CH8_N2048_q16_rep4,2,4,2,sm_89,R1_EVENT_OVERLAP,NCCL,C2_RING_SIMPLE_CH8,2048,2048,2048,16,12,1048576,26,0,2885.056,3705.600,4002.432,296.832,PASS,0
mh_r1_C2_RING_SIMPLE_CH8_N2048_q16_rep4,2,4,2,sm_89,R1_EVENT_OVERLAP,NCCL,C2_RING_SIMPLE_CH8,2048,2048,2048,16,13,1048576,26,0,3169.792,4005.888,4266.496,260.608,PASS,0
mh_r1_C2_RING_SIMPLE_CH8_N2048_q16_rep4,2,4,2,sm_89,R1_EVENT_OVERLAP,NCCL,C2_RING_SIMPLE_CH8,2048,2048,2048,16,14,1048576,26,0,3472.608,4269.824,4530.432,260.608,PASS,0
mh_r1_C2_RING_SIMPLE_CH8_N2048_q16_rep4,2,4,2,sm_89,R1_EVENT_OVERLAP,NCCL,C2_RING_SIMPLE_CH8,2048,2048,2048,16,15,1048576,26,0,3756.512,4533.888,4792.256,258.368,PASS,0
mh_r1_C2_RING_SIMPLE_CH8_N2048_q16_rep4,2,4,2,sm_89,R1_EVENT_OVERLAP,NCCL,C2_RING_SIMPLE_CH8,2048,2048,2048,16,0,1048576,27,0,132.768,139.456,453.888,314.432,PASS,0
mh_r1_C2_RING_SIMPLE_CH8_N2048_q16_rep4,2,4,2,sm_89,R1_EVENT_OVERLAP,NCCL,C2_RING_SIMPLE_CH8,2048,2048,2048,16,1,1048576,27,0,220.768,457.344,736.960,279.616,PASS,0
mh_r1_C2_RING_SIMPLE_CH8_N2048_q16_rep4,2,4,2,sm_89,R1_EVENT_OVERLAP,NCCL,C2_RING_SIMPLE_CH8,2048,2048,2048,16,2,1048576,27,0,464.288,740.256,1047.872,307.616,PASS,0
mh_r1_C2_RING_SIMPLE_CH8_N2048_q16_rep4,2,4,2,sm_89,R1_EVENT_OVERLAP,NCCL,C2_RING_SIMPLE_CH8,2048,2048,2048,16,3,1048576,27,0,782.912,1051.200,1328.864,277.664,PASS,0
mh_r1_C2_RING_SIMPLE_CH8_N2048_q16_rep4,2,4,2,sm_89,R1_EVENT_OVERLAP,NCCL,C2_RING_SIMPLE_CH8,2048,2048,2048,16,4,1048576,27,0,1078.112,1332.448,1610.016,277.568,PASS,0
mh_r1_C2_RING_SIMPLE_CH8_N2048_q16_rep4,2,4,2,sm_89,R1_EVENT_OVERLAP,NCCL,C2_RING_SIMPLE_CH8,2048,2048,2048,16,5,1048576,27,0,1382.752,1613.504,1917.344,303.840,PASS,0
mh_r1_C2_RING_SIMPLE_CH8_N2048_q16_rep4,2,4,2,sm_89,R1_EVENT_OVERLAP,NCCL,C2_RING_SIMPLE_CH8,2048,2048,2048,16,6,1048576,27,0,1662.592,1920.704,2189.120,268.416,PASS,0
mh_r1_C2_RING_SIMPLE_CH8_N2048_q16_rep4,2,4,2,sm_89,R1_EVENT_OVERLAP,NCCL,C2_RING_SIMPLE_CH8,2048,2048,2048,16,7,1048576,27,0,1974.112,2192.384,2503.296,310.912,PASS,0
mh_r1_C2_RING_SIMPLE_CH8_N2048_q16_rep4,2,4,2,sm_89,R1_EVENT_OVERLAP,NCCL,C2_RING_SIMPLE_CH8,2048,2048,2048,16,8,1048576,27,0,2254.112,2507.200,2781.344,274.144,PASS,0
mh_r1_C2_RING_SIMPLE_CH8_N2048_q16_rep4,2,4,2,sm_89,R1_EVENT_OVERLAP,NCCL,C2_RING_SIMPLE_CH8,2048,2048,2048,16,9,1048576,27,0,2539.040,2785.024,3068.576,283.552,PASS,0
mh_r1_C2_RING_SIMPLE_CH8_N2048_q16_rep4,2,4,2,sm_89,R1_EVENT_OVERLAP,NCCL,C2_RING_SIMPLE_CH8,2048,2048,2048,16,10,1048576,27,0,2844.928,3072.128,3377.920,305.792,PASS,0
mh_r1_C2_RING_SIMPLE_CH8_N2048_q16_rep4,2,4,2,sm_89,R1_EVENT_OVERLAP,NCCL,C2_RING_SIMPLE_CH8,2048,2048,2048,16,11,1048576,27,0,3120.512,3381.312,3653.216,271.904,PASS,0
mh_r1_C2_RING_SIMPLE_CH8_N2048_q16_rep4,2,4,2,sm_89,R1_EVENT_OVERLAP,NCCL,C2_RING_SIMPLE_CH8,2048,2048,2048,16,12,1048576,27,0,3405.600,3656.512,3928.928,272.416,PASS,0
mh_r1_C2_RING_SIMPLE_CH8_N2048_q16_rep4,2,4,2,sm_89,R1_EVENT_OVERLAP,NCCL,C2_RING_SIMPLE_CH8,2048,2048,2048,16,13,1048576,27,0,3705.312,3932.736,4213.504,280.768,PASS,0
mh_r1_C2_RING_SIMPLE_CH8_N2048_q16_rep4,2,4,2,sm_89,R1_EVENT_OVERLAP,NCCL,C2_RING_SIMPLE_CH8,2048,2048,2048,16,14,1048576,27,0,3981.280,4216.960,4477.920,260.960,PASS,0
mh_r1_C2_RING_SIMPLE_CH8_N2048_q16_rep4,2,4,2,sm_89,R1_EVENT_OVERLAP,NCCL,C2_RING_SIMPLE_CH8,2048,2048,2048,16,15,1048576,27,0,4277.920,4481.280,4740.864,259.584,PASS,0
mh_r1_C2_RING_SIMPLE_CH8_N2048_q16_rep4,2,4,2,sm_89,R1_EVENT_OVERLAP,NCCL,C2_RING_SIMPLE_CH8,2048,2048,2048,16,0,1048576,28,0,122.208,129.152,441.792,312.640,PASS,0
mh_r1_C2_RING_SIMPLE_CH8_N2048_q16_rep4,2,4,2,sm_89,R1_EVENT_OVERLAP,NCCL,C2_RING_SIMPLE_CH8,2048,2048,2048,16,1,1048576,28,0,212.640,445.248,716.896,271.648,PASS,0
mh_r1_C2_RING_SIMPLE_CH8_N2048_q16_rep4,2,4,2,sm_89,R1_EVENT_OVERLAP,NCCL,C2_RING_SIMPLE_CH8,2048,2048,2048,16,2,1048576,28,0,455.040,720.640,1031.552,310.912,PASS,0
mh_r1_C2_RING_SIMPLE_CH8_N2048_q16_rep4,2,4,2,sm_89,R1_EVENT_OVERLAP,NCCL,C2_RING_SIMPLE_CH8,2048,2048,2048,16,3,1048576,28,0,764.352,1036.736,1344.960,308.224,PASS,0
mh_r1_C2_RING_SIMPLE_CH8_N2048_q16_rep4,2,4,2,sm_89,R1_EVENT_OVERLAP,NCCL,C2_RING_SIMPLE_CH8,2048,2048,2048,16,4,1048576,28,0,1081.536,1348.384,1622.240,273.856,PASS,0
mh_r1_C2_RING_SIMPLE_CH8_N2048_q16_rep4,2,4,2,sm_89,R1_EVENT_OVERLAP,NCCL,C2_RING_SIMPLE_CH8,2048,2048,2048,16,5,1048576,28,0,1366.752,1625.888,1936.800,310.912,PASS,0
mh_r1_C2_RING_SIMPLE_CH8_N2048_q16_rep4,2,4,2,sm_89,R1_EVENT_OVERLAP,NCCL,C2_RING_SIMPLE_CH8,2048,2048,2048,16,6,1048576,28,0,1673.248,1940.416,2214.080,273.664,PASS,0
mh_r1_C2_RING_SIMPLE_CH8_N2048_q16_rep4,2,4,2,sm_89,R1_EVENT_OVERLAP,NCCL,C2_RING_SIMPLE_CH8,2048,2048,2048,16,7,1048576,28,0,1954.208,2217.504,2523.648,306.144,PASS,0
mh_r1_C2_RING_SIMPLE_CH8_N2048_q16_rep4,2,4,2,sm_89,R1_EVENT_OVERLAP,NCCL,C2_RING_SIMPLE_CH8,2048,2048,2048,16,8,1048576,28,0,2267.968,2527.008,2802.080,275.072,PASS,0
mh_r1_C2_RING_SIMPLE_CH8_N2048_q16_rep4,2,4,2,sm_89,R1_EVENT_OVERLAP,NCCL,C2_RING_SIMPLE_CH8,2048,2048,2048,16,9,1048576,28,0,2544.192,2805.696,3076.864,271.168,PASS,0
mh_r1_C2_RING_SIMPLE_CH8_N2048_q16_rep4,2,4,2,sm_89,R1_EVENT_OVERLAP,NCCL,C2_RING_SIMPLE_CH8,2048,2048,2048,16,10,1048576,28,0,2852.032,3080.384,3385.344,304.960,PASS,0
mh_r1_C2_RING_SIMPLE_CH8_N2048_q16_rep4,2,4,2,sm_89,R1_EVENT_OVERLAP,NCCL,C2_RING_SIMPLE_CH8,2048,2048,2048,16,11,1048576,28,0,3136.320,3388.832,3660.800,271.968,PASS,0
mh_r1_C2_RING_SIMPLE_CH8_N2048_q16_rep4,2,4,2,sm_89,R1_EVENT_OVERLAP,NCCL,C2_RING_SIMPLE_CH8,2048,2048,2048,16,12,1048576,28,0,3424.480,3664.096,3934.976,270.880,PASS,0
mh_r1_C2_RING_SIMPLE_CH8_N2048_q16_rep4,2,4,2,sm_89,R1_EVENT_OVERLAP,NCCL,C2_RING_SIMPLE_CH8,2048,2048,2048,16,13,1048576,28,0,3719.648,3938.912,4250.048,311.136,PASS,0
mh_r1_C2_RING_SIMPLE_CH8_N2048_q16_rep4,2,4,2,sm_89,R1_EVENT_OVERLAP,NCCL,C2_RING_SIMPLE_CH8,2048,2048,2048,16,14,1048576,28,0,3993.280,4253.600,4514.592,260.992,PASS,0
mh_r1_C2_RING_SIMPLE_CH8_N2048_q16_rep4,2,4,2,sm_89,R1_EVENT_OVERLAP,NCCL,C2_RING_SIMPLE_CH8,2048,2048,2048,16,15,1048576,28,0,4285.152,4518.016,4777.344,259.328,PASS,0
mh_r1_C2_RING_SIMPLE_CH8_N2048_q16_rep4,2,4,2,sm_89,R1_EVENT_OVERLAP,NCCL,C2_RING_SIMPLE_CH8,2048,2048,2048,16,0,1048576,29,0,149.920,156.576,469.216,312.640,PASS,0
mh_r1_C2_RING_SIMPLE_CH8_N2048_q16_rep4,2,4,2,sm_89,R1_EVENT_OVERLAP,NCCL,C2_RING_SIMPLE_CH8,2048,2048,2048,16,1,1048576,29,0,261.280,472.640,745.120,272.480,PASS,0
mh_r1_C2_RING_SIMPLE_CH8_N2048_q16_rep4,2,4,2,sm_89,R1_EVENT_OVERLAP,NCCL,C2_RING_SIMPLE_CH8,2048,2048,2048,16,2,1048576,29,0,485.920,748.640,1056.992,308.352,PASS,0
mh_r1_C2_RING_SIMPLE_CH8_N2048_q16_rep4,2,4,2,sm_89,R1_EVENT_OVERLAP,NCCL,C2_RING_SIMPLE_CH8,2048,2048,2048,16,3,1048576,29,0,797.536,1060.384,1371.168,310.784,PASS,0
mh_r1_C2_RING_SIMPLE_CH8_N2048_q16_rep4,2,4,2,sm_89,R1_EVENT_OVERLAP,NCCL,C2_RING_SIMPLE_CH8,2048,2048,2048,16,4,1048576,29,0,1102.336,1374.624,1647.232,272.608,PASS,0
mh_r1_C2_RING_SIMPLE_CH8_N2048_q16_rep4,2,4,2,sm_89,R1_EVENT_OVERLAP,NCCL,C2_RING_SIMPLE_CH8,2048,2048,2048,16,5,1048576,29,0,1404.640,1650.592,1959.648,309.056,PASS,0
mh_r1_C2_RING_SIMPLE_CH8_N2048_q16_rep4,2,4,2,sm_89,R1_EVENT_OVERLAP,NCCL,C2_RING_SIMPLE_CH8,2048,2048,2048,16,6,1048576,29,0,1702.144,1963.072,2236.384,273.312,PASS,0
mh_r1_C2_RING_SIMPLE_CH8_N2048_q16_rep4,2,4,2,sm_89,R1_EVENT_OVERLAP,NCCL,C2_RING_SIMPLE_CH8,2048,2048,2048,16,7,1048576,29,0,1987.872,2239.808,2548.864,309.056,PASS,0
mh_r1_C2_RING_SIMPLE_CH8_N2048_q16_rep4,2,4,2,sm_89,R1_EVENT_OVERLAP,NCCL,C2_RING_SIMPLE_CH8,2048,2048,2048,16,8,1048576,29,0,2301.376,2552.288,2824.224,271.936,PASS,0
mh_r1_C2_RING_SIMPLE_CH8_N2048_q16_rep4,2,4,2,sm_89,R1_EVENT_OVERLAP,NCCL,C2_RING_SIMPLE_CH8,2048,2048,2048,16,9,1048576,29,0,2574.144,2827.776,3133.280,305.504,PASS,0
mh_r1_C2_RING_SIMPLE_CH8_N2048_q16_rep4,2,4,2,sm_89,R1_EVENT_OVERLAP,NCCL,C2_RING_SIMPLE_CH8,2048,2048,2048,16,10,1048576,29,0,2883.200,3136.832,3408.352,271.520,PASS,0
mh_r1_C2_RING_SIMPLE_CH8_N2048_q16_rep4,2,4,2,sm_89,R1_EVENT_OVERLAP,NCCL,C2_RING_SIMPLE_CH8,2048,2048,2048,16,11,1048576,29,0,3158.656,3412.128,3717.984,305.856,PASS,0
mh_r1_C2_RING_SIMPLE_CH8_N2048_q16_rep4,2,4,2,sm_89,R1_EVENT_OVERLAP,NCCL,C2_RING_SIMPLE_CH8,2048,2048,2048,16,12,1048576,29,0,3464.352,3721.760,3995.392,273.632,PASS,0
mh_r1_C2_RING_SIMPLE_CH8_N2048_q16_rep4,2,4,2,sm_89,R1_EVENT_OVERLAP,NCCL,C2_RING_SIMPLE_CH8,2048,2048,2048,16,13,1048576,29,0,3740.000,3998.848,4305.376,306.528,PASS,0
mh_r1_C2_RING_SIMPLE_CH8_N2048_q16_rep4,2,4,2,sm_89,R1_EVENT_OVERLAP,NCCL,C2_RING_SIMPLE_CH8,2048,2048,2048,16,14,1048576,29,0,4047.264,4308.928,4568.768,259.840,PASS,0
mh_r1_C2_RING_SIMPLE_CH8_N2048_q16_rep4,2,4,2,sm_89,R1_EVENT_OVERLAP,NCCL,C2_RING_SIMPLE_CH8,2048,2048,2048,16,15,1048576,29,0,4321.056,4572.128,4831.712,259.584,PASS,0
mh_r1_C2_RING_SIMPLE_CH8_N2048_q16_rep4,2,4,2,sm_89,R1_EVENT_OVERLAP,NCCL,C2_RING_SIMPLE_CH8,2048,2048,2048,16,0,1048576,30,0,126.944,133.408,444.352,310.944,PASS,0
mh_r1_C2_RING_SIMPLE_CH8_N2048_q16_rep4,2,4,2,sm_89,R1_EVENT_OVERLAP,NCCL,C2_RING_SIMPLE_CH8,2048,2048,2048,16,1,1048576,30,0,214.144,448.096,722.784,274.688,PASS,0
mh_r1_C2_RING_SIMPLE_CH8_N2048_q16_rep4,2,4,2,sm_89,R1_EVENT_OVERLAP,NCCL,C2_RING_SIMPLE_CH8,2048,2048,2048,16,2,1048576,30,0,454.592,726.400,1033.120,306.720,PASS,0
mh_r1_C2_RING_SIMPLE_CH8_N2048_q16_rep4,2,4,2,sm_89,R1_EVENT_OVERLAP,NCCL,C2_RING_SIMPLE_CH8,2048,2048,2048,16,3,1048576,30,0,747.520,1036.480,1354.656,318.176,PASS,0
mh_r1_C2_RING_SIMPLE_CH8_N2048_q16_rep4,2,4,2,sm_89,R1_EVENT_OVERLAP,NCCL,C2_RING_SIMPLE_CH8,2048,2048,2048,16,4,1048576,30,0,1005.760,1358.400,1637.216,278.816,PASS,0
mh_r1_C2_RING_SIMPLE_CH8_N2048_q16_rep4,2,4,2,sm_89,R1_EVENT_OVERLAP,NCCL,C2_RING_SIMPLE_CH8,2048,2048,2048,16,5,1048576,30,0,1131.200,1640.576,1949.824,309.248,PASS,0
mh_r1_C2_RING_SIMPLE_CH8_N2048_q16_rep4,2,4,2,sm_89,R1_EVENT_OVERLAP,NCCL,C2_RING_SIMPLE_CH8,2048,2048,2048,16,6,1048576,30,0,1365.280,1953.408,2259.424,306.016,PASS,0
mh_r1_C2_RING_SIMPLE_CH8_N2048_q16_rep4,2,4,2,sm_89,R1_EVENT_OVERLAP,NCCL,C2_RING_SIMPLE_CH8,2048,2048,2048,16,7,1048576,30,0,1685.056,2262.880,2535.840,272.960,PASS,0
mh_r1_C2_RING_SIMPLE_CH8_N2048_q16_rep4,2,4,2,sm_89,R1_EVENT_OVERLAP,NCCL,C2_RING_SIMPLE_CH8,2048,2048,2048,16,8,1048576,30,0,1996.640,2539.296,2846.016,306.720,PASS,0
mh_r1_C2_RING_SIMPLE_CH8_N2048_q16_rep4,2,4,2,sm_89,R1_EVENT_OVERLAP,NCCL,C2_RING_SIMPLE_CH8,2048,2048,2048,16,9,1048576,30,0,2281.568,2849.440,3119.904,270.464,PASS,0
mh_r1_C2_RING_SIMPLE_CH8_N2048_q16_rep4,2,4,2,sm_89,R1_EVENT_OVERLAP,NCCL,C2_RING_SIMPLE_CH8,2048,2048,2048,16,10,1048576,30,0,2586.240,3123.232,3428.896,305.664,PASS,0
mh_r1_C2_RING_SIMPLE_CH8_N2048_q16_rep4,2,4,2,sm_89,R1_EVENT_OVERLAP,NCCL,C2_RING_SIMPLE_CH8,2048,2048,2048,16,11,1048576,30,0,2866.592,3432.256,3704.160,271.904,PASS,0
mh_r1_C2_RING_SIMPLE_CH8_N2048_q16_rep4,2,4,2,sm_89,R1_EVENT_OVERLAP,NCCL,C2_RING_SIMPLE_CH8,2048,2048,2048,16,12,1048576,30,0,3180.288,3707.776,4011.392,303.616,PASS,0
mh_r1_C2_RING_SIMPLE_CH8_N2048_q16_rep4,2,4,2,sm_89,R1_EVENT_OVERLAP,NCCL,C2_RING_SIMPLE_CH8,2048,2048,2048,16,13,1048576,30,0,3449.408,4014.880,4274.944,260.064,PASS,0
mh_r1_C2_RING_SIMPLE_CH8_N2048_q16_rep4,2,4,2,sm_89,R1_EVENT_OVERLAP,NCCL,C2_RING_SIMPLE_CH8,2048,2048,2048,16,14,1048576,30,0,3757.760,4278.368,4538.912,260.544,PASS,0
mh_r1_C2_RING_SIMPLE_CH8_N2048_q16_rep4,2,4,2,sm_89,R1_EVENT_OVERLAP,NCCL,C2_RING_SIMPLE_CH8,2048,2048,2048,16,15,1048576,30,0,4036.928,4542.496,4801.632,259.136,PASS,0
mh_r1_C2_RING_SIMPLE_CH8_N2048_q16_rep4,2,4,2,sm_89,R1_EVENT_OVERLAP,NCCL,C2_RING_SIMPLE_CH8,2048,2048,2048,16,0,1048576,31,0,136.288,143.360,451.264,307.904,PASS,0
mh_r1_C2_RING_SIMPLE_CH8_N2048_q16_rep4,2,4,2,sm_89,R1_EVENT_OVERLAP,NCCL,C2_RING_SIMPLE_CH8,2048,2048,2048,16,1,1048576,31,0,222.752,454.624,733.024,278.400,PASS,0
mh_r1_C2_RING_SIMPLE_CH8_N2048_q16_rep4,2,4,2,sm_89,R1_EVENT_OVERLAP,NCCL,C2_RING_SIMPLE_CH8,2048,2048,2048,16,2,1048576,31,0,461.344,736.416,1047.328,310.912,PASS,0
mh_r1_C2_RING_SIMPLE_CH8_N2048_q16_rep4,2,4,2,sm_89,R1_EVENT_OVERLAP,NCCL,C2_RING_SIMPLE_CH8,2048,2048,2048,16,3,1048576,31,0,762.464,1050.784,1365.280,314.496,PASS,0
mh_r1_C2_RING_SIMPLE_CH8_N2048_q16_rep4,2,4,2,sm_89,R1_EVENT_OVERLAP,NCCL,C2_RING_SIMPLE_CH8,2048,2048,2048,16,4,1048576,31,0,1022.048,1368.768,1684.320,315.552,PASS,0
mh_r1_C2_RING_SIMPLE_CH8_N2048_q16_rep4,2,4,2,sm_89,R1_EVENT_OVERLAP,NCCL,C2_RING_SIMPLE_CH8,2048,2048,2048,16,5,1048576,31,0,1114.016,1688.096,1997.952,309.856,PASS,0
mh_r1_C2_RING_SIMPLE_CH8_N2048_q16_rep4,2,4,2,sm_89,R1_EVENT_OVERLAP,NCCL,C2_RING_SIMPLE_CH8,2048,2048,2048,16,6,1048576,31,0,1358.304,2001.312,2305.280,303.968,PASS,0
mh_r1_C2_RING_SIMPLE_CH8_N2048_q16_rep4,2,4,2,sm_89,R1_EVENT_OVERLAP,NCCL,C2_RING_SIMPLE_CH8,2048,2048,2048,16,7,1048576,31,0,1675.168,2309.376,2613.248,303.872,PASS,0
mh_r1_C2_RING_SIMPLE_CH8_N2048_q16_rep4,2,4,2,sm_89,R1_EVENT_OVERLAP,NCCL,C2_RING_SIMPLE_CH8,2048,2048,2048,16,8,1048576,31,0,1938.304,2617.184,2933.664,316.480,PASS,0
mh_r1_C2_RING_SIMPLE_CH8_N2048_q16_rep4,2,4,2,sm_89,R1_EVENT_OVERLAP,NCCL,C2_RING_SIMPLE_CH8,2048,2048,2048,16,9,1048576,31,0,2029.312,2937.760,3241.536,303.776,PASS,0
mh_r1_C2_RING_SIMPLE_CH8_N2048_q16_rep4,2,4,2,sm_89,R1_EVENT_OVERLAP,NCCL,C2_RING_SIMPLE_CH8,2048,2048,2048,16,10,1048576,31,0,2275.648,3245.184,3542.144,296.960,PASS,0
mh_r1_C2_RING_SIMPLE_CH8_N2048_q16_rep4,2,4,2,sm_89,R1_EVENT_OVERLAP,NCCL,C2_RING_SIMPLE_CH8,2048,2048,2048,16,11,1048576,31,0,2590.624,3545.568,3806.528,260.960,PASS,0
mh_r1_C2_RING_SIMPLE_CH8_N2048_q16_rep4,2,4,2,sm_89,R1_EVENT_OVERLAP,NCCL,C2_RING_SIMPLE_CH8,2048,2048,2048,16,12,1048576,31,0,2837.376,3809.888,4069.280,259.392,PASS,0
mh_r1_C2_RING_SIMPLE_CH8_N2048_q16_rep4,2,4,2,sm_89,R1_EVENT_OVERLAP,NCCL,C2_RING_SIMPLE_CH8,2048,2048,2048,16,13,1048576,31,0,2924.736,4072.704,4333.760,261.056,PASS,0
mh_r1_C2_RING_SIMPLE_CH8_N2048_q16_rep4,2,4,2,sm_89,R1_EVENT_OVERLAP,NCCL,C2_RING_SIMPLE_CH8,2048,2048,2048,16,14,1048576,31,0,3166.080,4337.344,4596.864,259.520,PASS,0
mh_r1_C2_RING_SIMPLE_CH8_N2048_q16_rep4,2,4,2,sm_89,R1_EVENT_OVERLAP,NCCL,C2_RING_SIMPLE_CH8,2048,2048,2048,16,15,1048576,31,0,3464.480,4600.288,4859.520,259.232,PASS,0
mh_r1_C2_RING_SIMPLE_CH8_N2048_q16_rep4,2,4,2,sm_89,R1_EVENT_OVERLAP,NCCL,C2_RING_SIMPLE_CH8,2048,2048,2048,16,0,1048576,32,0,116.064,122.496,433.632,311.136,PASS,0
mh_r1_C2_RING_SIMPLE_CH8_N2048_q16_rep4,2,4,2,sm_89,R1_EVENT_OVERLAP,NCCL,C2_RING_SIMPLE_CH8,2048,2048,2048,16,1,1048576,32,0,206.176,437.152,719.136,281.984,PASS,0
mh_r1_C2_RING_SIMPLE_CH8_N2048_q16_rep4,2,4,2,sm_89,R1_EVENT_OVERLAP,NCCL,C2_RING_SIMPLE_CH8,2048,2048,2048,16,2,1048576,32,0,443.744,722.560,1038.912,316.352,PASS,0
mh_r1_C2_RING_SIMPLE_CH8_N2048_q16_rep4,2,4,2,sm_89,R1_EVENT_OVERLAP,NCCL,C2_RING_SIMPLE_CH8,2048,2048,2048,16,3,1048576,32,0,763.360,1043.200,1357.632,314.432,PASS,0
mh_r1_C2_RING_SIMPLE_CH8_N2048_q16_rep4,2,4,2,sm_89,R1_EVENT_OVERLAP,NCCL,C2_RING_SIMPLE_CH8,2048,2048,2048,16,4,1048576,32,0,1007.136,1361.088,1633.952,272.864,PASS,0
mh_r1_C2_RING_SIMPLE_CH8_N2048_q16_rep4,2,4,2,sm_89,R1_EVENT_OVERLAP,NCCL,C2_RING_SIMPLE_CH8,2048,2048,2048,16,5,1048576,32,0,1118.144,1637.408,1943.488,306.080,PASS,0
mh_r1_C2_RING_SIMPLE_CH8_N2048_q16_rep4,2,4,2,sm_89,R1_EVENT_OVERLAP,NCCL,C2_RING_SIMPLE_CH8,2048,2048,2048,16,6,1048576,32,0,1367.296,1946.816,2258.432,311.616,PASS,0
mh_r1_C2_RING_SIMPLE_CH8_N2048_q16_rep4,2,4,2,sm_89,R1_EVENT_OVERLAP,NCCL,C2_RING_SIMPLE_CH8,2048,2048,2048,16,7,1048576,32,0,1670.304,2261.920,2533.408,271.488,PASS,0
mh_r1_C2_RING_SIMPLE_CH8_N2048_q16_rep4,2,4,2,sm_89,R1_EVENT_OVERLAP,NCCL,C2_RING_SIMPLE_CH8,2048,2048,2048,16,8,1048576,32,0,1913.120,2536.768,2845.120,308.352,PASS,0
mh_r1_C2_RING_SIMPLE_CH8_N2048_q16_rep4,2,4,2,sm_89,R1_EVENT_OVERLAP,NCCL,C2_RING_SIMPLE_CH8,2048,2048,2048,16,9,1048576,32,0,2026.720,2848.480,3175.104,326.624,PASS,0
mh_r1_C2_RING_SIMPLE_CH8_N2048_q16_rep4,2,4,2,sm_89,R1_EVENT_OVERLAP,NCCL,C2_RING_SIMPLE_CH8,2048,2048,2048,16,10,1048576,32,0,2268.160,3178.976,3451.840,272.864,PASS,0
mh_r1_C2_RING_SIMPLE_CH8_N2048_q16_rep4,2,4,2,sm_89,R1_EVENT_OVERLAP,NCCL,C2_RING_SIMPLE_CH8,2048,2048,2048,16,11,1048576,32,0,2557.920,3455.264,3752.032,296.768,PASS,0
mh_r1_C2_RING_SIMPLE_CH8_N2048_q16_rep4,2,4,2,sm_89,R1_EVENT_OVERLAP,NCCL,C2_RING_SIMPLE_CH8,2048,2048,2048,16,12,1048576,32,0,2821.920,3755.424,4016.096,260.672,PASS,0
mh_r1_C2_RING_SIMPLE_CH8_N2048_q16_rep4,2,4,2,sm_89,R1_EVENT_OVERLAP,NCCL,C2_RING_SIMPLE_CH8,2048,2048,2048,16,13,1048576,32,0,2933.216,4019.520,4278.848,259.328,PASS,0
mh_r1_C2_RING_SIMPLE_CH8_N2048_q16_rep4,2,4,2,sm_89,R1_EVENT_OVERLAP,NCCL,C2_RING_SIMPLE_CH8,2048,2048,2048,16,14,1048576,32,0,3185.920,4282.240,4543.648,261.408,PASS,0
mh_r1_C2_RING_SIMPLE_CH8_N2048_q16_rep4,2,4,2,sm_89,R1_EVENT_OVERLAP,NCCL,C2_RING_SIMPLE_CH8,2048,2048,2048,16,15,1048576,32,0,3475.744,4547.072,4806.016,258.944,PASS,0
mh_r1_C2_RING_SIMPLE_CH8_N2048_q16_rep4,2,4,2,sm_89,R1_EVENT_OVERLAP,NCCL,C2_RING_SIMPLE_CH8,2048,2048,2048,16,0,1048576,33,0,134.272,140.864,453.248,312.384,PASS,0
mh_r1_C2_RING_SIMPLE_CH8_N2048_q16_rep4,2,4,2,sm_89,R1_EVENT_OVERLAP,NCCL,C2_RING_SIMPLE_CH8,2048,2048,2048,16,1,1048576,33,0,220.576,456.864,727.008,270.144,PASS,0
mh_r1_C2_RING_SIMPLE_CH8_N2048_q16_rep4,2,4,2,sm_89,R1_EVENT_OVERLAP,NCCL,C2_RING_SIMPLE_CH8,2048,2048,2048,16,2,1048576,33,0,473.760,730.400,1037.728,307.328,PASS,0
mh_r1_C2_RING_SIMPLE_CH8_N2048_q16_rep4,2,4,2,sm_89,R1_EVENT_OVERLAP,NCCL,C2_RING_SIMPLE_CH8,2048,2048,2048,16,3,1048576,33,0,804.768,1041.088,1358.368,317.280,PASS,0
mh_r1_C2_RING_SIMPLE_CH8_N2048_q16_rep4,2,4,2,sm_89,R1_EVENT_OVERLAP,NCCL,C2_RING_SIMPLE_CH8,2048,2048,2048,16,4,1048576,33,0,1096.672,1361.728,1670.656,308.928,PASS,0
mh_r1_C2_RING_SIMPLE_CH8_N2048_q16_rep4,2,4,2,sm_89,R1_EVENT_OVERLAP,NCCL,C2_RING_SIMPLE_CH8,2048,2048,2048,16,5,1048576,33,0,1411.040,1674.080,1945.952,271.872,PASS,0
mh_r1_C2_RING_SIMPLE_CH8_N2048_q16_rep4,2,4,2,sm_89,R1_EVENT_OVERLAP,NCCL,C2_RING_SIMPLE_CH8,2048,2048,2048,16,6,1048576,33,0,1716.192,1950.080,2258.368,308.288,PASS,0
mh_r1_C2_RING_SIMPLE_CH8_N2048_q16_rep4,2,4,2,sm_89,R1_EVENT_OVERLAP,NCCL,C2_RING_SIMPLE_CH8,2048,2048,2048,16,7,1048576,33,0,2005.440,2262.080,2532.416,270.336,PASS,0
mh_r1_C2_RING_SIMPLE_CH8_N2048_q16_rep4,2,4,2,sm_89,R1_EVENT_OVERLAP,NCCL,C2_RING_SIMPLE_CH8,2048,2048,2048,16,8,1048576,33,0,2301.632,2535.744,2854.144,318.400,PASS,0
mh_r1_C2_RING_SIMPLE_CH8_N2048_q16_rep4,2,4,2,sm_89,R1_EVENT_OVERLAP,NCCL,C2_RING_SIMPLE_CH8,2048,2048,2048,16,9,1048576,33,0,2599.008,2857.504,3127.040,269.536,PASS,0
mh_r1_C2_RING_SIMPLE_CH8_N2048_q16_rep4,2,4,2,sm_89,R1_EVENT_OVERLAP,NCCL,C2_RING_SIMPLE_CH8,2048,2048,2048,16,10,1048576,33,0,2889.216,3130.368,3434.976,304.608,PASS,0
mh_r1_C2_RING_SIMPLE_CH8_N2048_q16_rep4,2,4,2,sm_89,R1_EVENT_OVERLAP,NCCL,C2_RING_SIMPLE_CH8,2048,2048,2048,16,11,1048576,33,0,3194.080,3438.368,3711.392,273.024,PASS,0
mh_r1_C2_RING_SIMPLE_CH8_N2048_q16_rep4,2,4,2,sm_89,R1_EVENT_OVERLAP,NCCL,C2_RING_SIMPLE_CH8,2048,2048,2048,16,12,1048576,33,0,3486.464,3714.880,4024.768,309.888,PASS,0
mh_r1_C2_RING_SIMPLE_CH8_N2048_q16_rep4,2,4,2,sm_89,R1_EVENT_OVERLAP,NCCL,C2_RING_SIMPLE_CH8,2048,2048,2048,16,13,1048576,33,0,3788.320,4028.128,4300.096,271.968,PASS,0
mh_r1_C2_RING_SIMPLE_CH8_N2048_q16_rep4,2,4,2,sm_89,R1_EVENT_OVERLAP,NCCL,C2_RING_SIMPLE_CH8,2048,2048,2048,16,14,1048576,33,0,4061.248,4303.424,4600.832,297.408,PASS,0
mh_r1_C2_RING_SIMPLE_CH8_N2048_q16_rep4,2,4,2,sm_89,R1_EVENT_OVERLAP,NCCL,C2_RING_SIMPLE_CH8,2048,2048,2048,16,15,1048576,33,0,4372.384,4604.448,4863.776,259.328,PASS,0
mh_r1_C2_RING_SIMPLE_CH8_N2048_q16_rep4,2,4,2,sm_89,R1_EVENT_OVERLAP,NCCL,C2_RING_SIMPLE_CH8,2048,2048,2048,16,0,1048576,34,0,133.600,140.704,453.472,312.768,PASS,0
mh_r1_C2_RING_SIMPLE_CH8_N2048_q16_rep4,2,4,2,sm_89,R1_EVENT_OVERLAP,NCCL,C2_RING_SIMPLE_CH8,2048,2048,2048,16,1,1048576,34,0,246.656,456.864,734.336,277.472,PASS,0
mh_r1_C2_RING_SIMPLE_CH8_N2048_q16_rep4,2,4,2,sm_89,R1_EVENT_OVERLAP,NCCL,C2_RING_SIMPLE_CH8,2048,2048,2048,16,2,1048576,34,0,470.336,737.792,1046.048,308.256,PASS,0
mh_r1_C2_RING_SIMPLE_CH8_N2048_q16_rep4,2,4,2,sm_89,R1_EVENT_OVERLAP,NCCL,C2_RING_SIMPLE_CH8,2048,2048,2048,16,3,1048576,34,0,794.144,1049.472,1322.176,272.704,PASS,0
mh_r1_C2_RING_SIMPLE_CH8_N2048_q16_rep4,2,4,2,sm_89,R1_EVENT_OVERLAP,NCCL,C2_RING_SIMPLE_CH8,2048,2048,2048,16,4,1048576,34,0,1101.440,1325.952,1631.392,305.440,PASS,0
mh_r1_C2_RING_SIMPLE_CH8_N2048_q16_rep4,2,4,2,sm_89,R1_EVENT_OVERLAP,NCCL,C2_RING_SIMPLE_CH8,2048,2048,2048,16,5,1048576,34,0,1380.672,1635.104,1905.120,270.016,PASS,0
mh_r1_C2_RING_SIMPLE_CH8_N2048_q16_rep4,2,4,2,sm_89,R1_EVENT_OVERLAP,NCCL,C2_RING_SIMPLE_CH8,2048,2048,2048,16,6,1048576,34,0,1660.000,1908.480,2181.728,273.248,PASS,0
mh_r1_C2_RING_SIMPLE_CH8_N2048_q16_rep4,2,4,2,sm_89,R1_EVENT_OVERLAP,NCCL,C2_RING_SIMPLE_CH8,2048,2048,2048,16,7,1048576,34,0,1960.864,2185.184,2458.368,273.184,PASS,0
mh_r1_C2_RING_SIMPLE_CH8_N2048_q16_rep4,2,4,2,sm_89,R1_EVENT_OVERLAP,NCCL,C2_RING_SIMPLE_CH8,2048,2048,2048,16,8,1048576,34,0,2236.896,2461.696,2766.848,305.152,PASS,0
mh_r1_C2_RING_SIMPLE_CH8_N2048_q16_rep4,2,4,2,sm_89,R1_EVENT_OVERLAP,NCCL,C2_RING_SIMPLE_CH8,2048,2048,2048,16,9,1048576,34,0,2537.728,2770.176,3040.448,270.272,PASS,0
mh_r1_C2_RING_SIMPLE_CH8_N2048_q16_rep4,2,4,2,sm_89,R1_EVENT_OVERLAP,NCCL,C2_RING_SIMPLE_CH8,2048,2048,2048,16,10,1048576,34,0,2801.856,3043.840,3317.568,273.728,PASS,0
mh_r1_C2_RING_SIMPLE_CH8_N2048_q16_rep4,2,4,2,sm_89,R1_EVENT_OVERLAP,NCCL,C2_RING_SIMPLE_CH8,2048,2048,2048,16,11,1048576,34,0,3099.520,3320.992,3628.160,307.168,PASS,0
mh_r1_C2_RING_SIMPLE_CH8_N2048_q16_rep4,2,4,2,sm_89,R1_EVENT_OVERLAP,NCCL,C2_RING_SIMPLE_CH8,2048,2048,2048,16,12,1048576,34,0,3390.464,3631.552,3902.432,270.880,PASS,0
mh_r1_C2_RING_SIMPLE_CH8_N2048_q16_rep4,2,4,2,sm_89,R1_EVENT_OVERLAP,NCCL,C2_RING_SIMPLE_CH8,2048,2048,2048,16,13,1048576,34,0,3664.224,3905.760,4179.168,273.408,PASS,0
mh_r1_C2_RING_SIMPLE_CH8_N2048_q16_rep4,2,4,2,sm_89,R1_EVENT_OVERLAP,NCCL,C2_RING_SIMPLE_CH8,2048,2048,2048,16,14,1048576,34,0,3959.392,4182.560,4479.840,297.280,PASS,0
mh_r1_C2_RING_SIMPLE_CH8_N2048_q16_rep4,2,4,2,sm_89,R1_EVENT_OVERLAP,NCCL,C2_RING_SIMPLE_CH8,2048,2048,2048,16,15,1048576,34,0,4253.056,4483.264,4742.304,259.040,PASS,0
mh_r1_C2_RING_SIMPLE_CH8_N2048_q16_rep4,2,4,2,sm_89,R1_EVENT_OVERLAP,NCCL,C2_RING_SIMPLE_CH8,2048,2048,2048,16,0,1048576,35,0,137.280,144.064,456.640,312.576,PASS,0
mh_r1_C2_RING_SIMPLE_CH8_N2048_q16_rep4,2,4,2,sm_89,R1_EVENT_OVERLAP,NCCL,C2_RING_SIMPLE_CH8,2048,2048,2048,16,1,1048576,35,0,223.872,460.064,737.088,277.024,PASS,0
mh_r1_C2_RING_SIMPLE_CH8_N2048_q16_rep4,2,4,2,sm_89,R1_EVENT_OVERLAP,NCCL,C2_RING_SIMPLE_CH8,2048,2048,2048,16,2,1048576,35,0,466.976,740.800,1018.304,277.504,PASS,0
mh_r1_C2_RING_SIMPLE_CH8_N2048_q16_rep4,2,4,2,sm_89,R1_EVENT_OVERLAP,NCCL,C2_RING_SIMPLE_CH8,2048,2048,2048,16,3,1048576,35,0,782.144,1021.696,1295.744,274.048,PASS,0
mh_r1_C2_RING_SIMPLE_CH8_N2048_q16_rep4,2,4,2,sm_89,R1_EVENT_OVERLAP,NCCL,C2_RING_SIMPLE_CH8,2048,2048,2048,16,4,1048576,35,0,1087.904,1299.712,1622.656,322.944,PASS,0
mh_r1_C2_RING_SIMPLE_CH8_N2048_q16_rep4,2,4,2,sm_89,R1_EVENT_OVERLAP,NCCL,C2_RING_SIMPLE_CH8,2048,2048,2048,16,5,1048576,35,0,1379.584,1625.952,1898.976,273.024,PASS,0
mh_r1_C2_RING_SIMPLE_CH8_N2048_q16_rep4,2,4,2,sm_89,R1_EVENT_OVERLAP,NCCL,C2_RING_SIMPLE_CH8,2048,2048,2048,16,6,1048576,35,0,1663.104,1902.848,2174.624,271.776,PASS,0
mh_r1_C2_RING_SIMPLE_CH8_N2048_q16_rep4,2,4,2,sm_89,R1_EVENT_OVERLAP,NCCL,C2_RING_SIMPLE_CH8,2048,2048,2048,16,7,1048576,35,0,1951.296,2178.048,2485.440,307.392,PASS,0
mh_r1_C2_RING_SIMPLE_CH8_N2048_q16_rep4,2,4,2,sm_89,R1_EVENT_OVERLAP,NCCL,C2_RING_SIMPLE_CH8,2048,2048,2048,16,8,1048576,35,0,2258.336,2488.896,2761.312,272.416,PASS,0
mh_r1_C2_RING_SIMPLE_CH8_N2048_q16_rep4,2,4,2,sm_89,R1_EVENT_OVERLAP,NCCL,C2_RING_SIMPLE_CH8,2048,2048,2048,16,9,1048576,35,0,2537.728,2764.864,3069.952,305.088,PASS,0
mh_r1_C2_RING_SIMPLE_CH8_N2048_q16_rep4,2,4,2,sm_89,R1_EVENT_OVERLAP,NCCL,C2_RING_SIMPLE_CH8,2048,2048,2048,16,10,1048576,35,0,2826.112,3073.376,3345.024,271.648,PASS,0
mh_r1_C2_RING_SIMPLE_CH8_N2048_q16_rep4,2,4,2,sm_89,R1_EVENT_OVERLAP,NCCL,C2_RING_SIMPLE_CH8,2048,2048,2048,16,11,1048576,35,0,3098.432,3348.352,3623.584,275.232,PASS,0
mh_r1_C2_RING_SIMPLE_CH8_N2048_q16_rep4,2,4,2,sm_89,R1_EVENT_OVERLAP,NCCL,C2_RING_SIMPLE_CH8,2048,2048,2048,16,12,1048576,35,0,3400.096,3626.944,3896.032,269.088,PASS,0
mh_r1_C2_RING_SIMPLE_CH8_N2048_q16_rep4,2,4,2,sm_89,R1_EVENT_OVERLAP,NCCL,C2_RING_SIMPLE_CH8,2048,2048,2048,16,13,1048576,35,0,3683.872,3899.360,4213.248,313.888,PASS,0
mh_r1_C2_RING_SIMPLE_CH8_N2048_q16_rep4,2,4,2,sm_89,R1_EVENT_OVERLAP,NCCL,C2_RING_SIMPLE_CH8,2048,2048,2048,16,14,1048576,35,0,3976.576,4216.576,4477.152,260.576,PASS,0
mh_r1_C2_RING_SIMPLE_CH8_N2048_q16_rep4,2,4,2,sm_89,R1_EVENT_OVERLAP,NCCL,C2_RING_SIMPLE_CH8,2048,2048,2048,16,15,1048576,35,0,4255.072,4480.576,4740.448,259.872,PASS,0
mh_r1_C2_RING_SIMPLE_CH8_N2048_q16_rep4,2,4,2,sm_89,R1_EVENT_OVERLAP,NCCL,C2_RING_SIMPLE_CH8,2048,2048,2048,16,0,1048576,36,0,126.496,133.120,447.616,314.496,PASS,0
mh_r1_C2_RING_SIMPLE_CH8_N2048_q16_rep4,2,4,2,sm_89,R1_EVENT_OVERLAP,NCCL,C2_RING_SIMPLE_CH8,2048,2048,2048,16,1,1048576,36,0,223.328,451.008,724.064,273.056,PASS,0
mh_r1_C2_RING_SIMPLE_CH8_N2048_q16_rep4,2,4,2,sm_89,R1_EVENT_OVERLAP,NCCL,C2_RING_SIMPLE_CH8,2048,2048,2048,16,2,1048576,36,0,457.856,727.424,1031.520,304.096,PASS,0
mh_r1_C2_RING_SIMPLE_CH8_N2048_q16_rep4,2,4,2,sm_89,R1_EVENT_OVERLAP,NCCL,C2_RING_SIMPLE_CH8,2048,2048,2048,16,3,1048576,36,0,757.696,1034.848,1345.408,310.560,PASS,0
mh_r1_C2_RING_SIMPLE_CH8_N2048_q16_rep4,2,4,2,sm_89,R1_EVENT_OVERLAP,NCCL,C2_RING_SIMPLE_CH8,2048,2048,2048,16,4,1048576,36,0,1009.600,1348.704,1624.480,275.776,PASS,0
mh_r1_C2_RING_SIMPLE_CH8_N2048_q16_rep4,2,4,2,sm_89,R1_EVENT_OVERLAP,NCCL,C2_RING_SIMPLE_CH8,2048,2048,2048,16,5,1048576,36,0,1100.832,1627.904,1931.776,303.872,PASS,0
mh_r1_C2_RING_SIMPLE_CH8_N2048_q16_rep4,2,4,2,sm_89,R1_EVENT_OVERLAP,NCCL,C2_RING_SIMPLE_CH8,2048,2048,2048,16,6,1048576,36,0,1355.040,1935.424,2221.664,286.240,PASS,0
mh_r1_C2_RING_SIMPLE_CH8_N2048_q16_rep4,2,4,2,sm_89,R1_EVENT_OVERLAP,NCCL,C2_RING_SIMPLE_CH8,2048,2048,2048,16,7,1048576,36,0,1646.912,2231.776,2537.888,306.112,PASS,0
mh_r1_C2_RING_SIMPLE_CH8_N2048_q16_rep4,2,4,2,sm_89,R1_EVENT_OVERLAP,NCCL,C2_RING_SIMPLE_CH8,2048,2048,2048,16,8,1048576,36,0,1957.184,2541.248,2814.048,272.800,PASS,0
mh_r1_C2_RING_SIMPLE_CH8_N2048_q16_rep4,2,4,2,sm_89,R1_EVENT_OVERLAP,NCCL,C2_RING_SIMPLE_CH8,2048,2048,2048,16,9,1048576,36,0,2267.456,2817.408,3125.312,307.904,PASS,0
mh_r1_C2_RING_SIMPLE_CH8_N2048_q16_rep4,2,4,2,sm_89,R1_EVENT_OVERLAP,NCCL,C2_RING_SIMPLE_CH8,2048,2048,2048,16,10,1048576,36,0,2557.984,3128.736,3399.520,270.784,PASS,0
mh_r1_C2_RING_SIMPLE_CH8_N2048_q16_rep4,2,4,2,sm_89,R1_EVENT_OVERLAP,NCCL,C2_RING_SIMPLE_CH8,2048,2048,2048,16,11,1048576,36,0,2864.736,3402.848,3707.136,304.288,PASS,0
mh_r1_C2_RING_SIMPLE_CH8_N2048_q16_rep4,2,4,2,sm_89,R1_EVENT_OVERLAP,NCCL,C2_RING_SIMPLE_CH8,2048,2048,2048,16,12,1048576,36,0,3146.432,3710.496,3982.080,271.584,PASS,0
mh_r1_C2_RING_SIMPLE_CH8_N2048_q16_rep4,2,4,2,sm_89,R1_EVENT_OVERLAP,NCCL,C2_RING_SIMPLE_CH8,2048,2048,2048,16,13,1048576,36,0,3461.024,3985.440,4281.248,295.808,PASS,0
mh_r1_C2_RING_SIMPLE_CH8_N2048_q16_rep4,2,4,2,sm_89,R1_EVENT_OVERLAP,NCCL,C2_RING_SIMPLE_CH8,2048,2048,2048,16,14,1048576,36,0,3727.936,4284.800,4545.184,260.384,PASS,0
mh_r1_C2_RING_SIMPLE_CH8_N2048_q16_rep4,2,4,2,sm_89,R1_EVENT_OVERLAP,NCCL,C2_RING_SIMPLE_CH8,2048,2048,2048,16,15,1048576,36,0,4037.920,4548.928,4807.872,258.944,PASS,0
mh_r1_C2_RING_SIMPLE_CH8_N2048_q16_rep4,2,4,2,sm_89,R1_EVENT_OVERLAP,NCCL,C2_RING_SIMPLE_CH8,2048,2048,2048,16,0,1048576,37,0,134.816,141.216,454.240,313.024,PASS,0
mh_r1_C2_RING_SIMPLE_CH8_N2048_q16_rep4,2,4,2,sm_89,R1_EVENT_OVERLAP,NCCL,C2_RING_SIMPLE_CH8,2048,2048,2048,16,1,1048576,37,0,220.800,458.016,769.664,311.648,PASS,0
mh_r1_C2_RING_SIMPLE_CH8_N2048_q16_rep4,2,4,2,sm_89,R1_EVENT_OVERLAP,NCCL,C2_RING_SIMPLE_CH8,2048,2048,2048,16,2,1048576,37,0,476.896,773.568,1047.200,273.632,PASS,0
mh_r1_C2_RING_SIMPLE_CH8_N2048_q16_rep4,2,4,2,sm_89,R1_EVENT_OVERLAP,NCCL,C2_RING_SIMPLE_CH8,2048,2048,2048,16,3,1048576,37,0,796.992,1050.688,1321.536,270.848,PASS,0
mh_r1_C2_RING_SIMPLE_CH8_N2048_q16_rep4,2,4,2,sm_89,R1_EVENT_OVERLAP,NCCL,C2_RING_SIMPLE_CH8,2048,2048,2048,16,4,1048576,37,0,1102.528,1333.184,1640.448,307.264,PASS,0
mh_r1_C2_RING_SIMPLE_CH8_N2048_q16_rep4,2,4,2,sm_89,R1_EVENT_OVERLAP,NCCL,C2_RING_SIMPLE_CH8,2048,2048,2048,16,5,1048576,37,0,1384.544,1643.840,1919.072,275.232,PASS,0
mh_r1_C2_RING_SIMPLE_CH8_N2048_q16_rep4,2,4,2,sm_89,R1_EVENT_OVERLAP,NCCL,C2_RING_SIMPLE_CH8,2048,2048,2048,16,6,1048576,37,0,1661.312,1922.624,2222.496,299.872,PASS,0
mh_r1_C2_RING_SIMPLE_CH8_N2048_q16_rep4,2,4,2,sm_89,R1_EVENT_OVERLAP,NCCL,C2_RING_SIMPLE_CH8,2048,2048,2048,16,7,1048576,37,0,1969.728,2226.080,2535.552,309.472,PASS,0
mh_r1_C2_RING_SIMPLE_CH8_N2048_q16_rep4,2,4,2,sm_89,R1_EVENT_OVERLAP,NCCL,C2_RING_SIMPLE_CH8,2048,2048,2048,16,8,1048576,37,0,2212.128,2539.488,2851.008,311.520,PASS,0
mh_r1_C2_RING_SIMPLE_CH8_N2048_q16_rep4,2,4,2,sm_89,R1_EVENT_OVERLAP,NCCL,C2_RING_SIMPLE_CH8,2048,2048,2048,16,9,1048576,37,0,2318.240,2854.400,3128.192,273.792,PASS,0
mh_r1_C2_RING_SIMPLE_CH8_N2048_q16_rep4,2,4,2,sm_89,R1_EVENT_OVERLAP,NCCL,C2_RING_SIMPLE_CH8,2048,2048,2048,16,10,1048576,37,0,2556.640,3131.840,3447.520,315.680,PASS,0
mh_r1_C2_RING_SIMPLE_CH8_N2048_q16_rep4,2,4,2,sm_89,R1_EVENT_OVERLAP,NCCL,C2_RING_SIMPLE_CH8,2048,2048,2048,16,11,1048576,37,0,2861.984,3450.944,3756.160,305.216,PASS,0
mh_r1_C2_RING_SIMPLE_CH8_N2048_q16_rep4,2,4,2,sm_89,R1_EVENT_OVERLAP,NCCL,C2_RING_SIMPLE_CH8,2048,2048,2048,16,12,1048576,37,0,3150.624,3759.648,4062.464,302.816,PASS,0
mh_r1_C2_RING_SIMPLE_CH8_N2048_q16_rep4,2,4,2,sm_89,R1_EVENT_OVERLAP,NCCL,C2_RING_SIMPLE_CH8,2048,2048,2048,16,13,1048576,37,0,3439.904,4065.824,4326.656,260.832,PASS,0
mh_r1_C2_RING_SIMPLE_CH8_N2048_q16_rep4,2,4,2,sm_89,R1_EVENT_OVERLAP,NCCL,C2_RING_SIMPLE_CH8,2048,2048,2048,16,14,1048576,37,0,3744.992,4330.080,4589.344,259.264,PASS,0
mh_r1_C2_RING_SIMPLE_CH8_N2048_q16_rep4,2,4,2,sm_89,R1_EVENT_OVERLAP,NCCL,C2_RING_SIMPLE_CH8,2048,2048,2048,16,15,1048576,37,0,4053.120,4592.768,4852.288,259.520,PASS,0
mh_r1_C2_RING_SIMPLE_CH8_N2048_q16_rep4,2,4,2,sm_89,R1_EVENT_OVERLAP,NCCL,C2_RING_SIMPLE_CH8,2048,2048,2048,16,0,1048576,38,0,124.576,130.816,439.488,308.672,PASS,0
mh_r1_C2_RING_SIMPLE_CH8_N2048_q16_rep4,2,4,2,sm_89,R1_EVENT_OVERLAP,NCCL,C2_RING_SIMPLE_CH8,2048,2048,2048,16,1,1048576,38,0,212.064,442.912,716.512,273.600,PASS,0
mh_r1_C2_RING_SIMPLE_CH8_N2048_q16_rep4,2,4,2,sm_89,R1_EVENT_OVERLAP,NCCL,C2_RING_SIMPLE_CH8,2048,2048,2048,16,2,1048576,38,0,449.344,720.512,1027.072,306.560,PASS,0
mh_r1_C2_RING_SIMPLE_CH8_N2048_q16_rep4,2,4,2,sm_89,R1_EVENT_OVERLAP,NCCL,C2_RING_SIMPLE_CH8,2048,2048,2048,16,3,1048576,38,0,742.464,1030.560,1340.256,309.696,PASS,0
mh_r1_C2_RING_SIMPLE_CH8_N2048_q16_rep4,2,4,2,sm_89,R1_EVENT_OVERLAP,NCCL,C2_RING_SIMPLE_CH8,2048,2048,2048,16,4,1048576,38,0,996.800,1343.808,1652.992,309.184,PASS,0
mh_r1_C2_RING_SIMPLE_CH8_N2048_q16_rep4,2,4,2,sm_89,R1_EVENT_OVERLAP,NCCL,C2_RING_SIMPLE_CH8,2048,2048,2048,16,5,1048576,38,0,1088.192,1656.352,1961.728,305.376,PASS,0
mh_r1_C2_RING_SIMPLE_CH8_N2048_q16_rep4,2,4,2,sm_89,R1_EVENT_OVERLAP,NCCL,C2_RING_SIMPLE_CH8,2048,2048,2048,16,6,1048576,38,0,1333.344,1965.120,2241.344,276.224,PASS,0
mh_r1_C2_RING_SIMPLE_CH8_N2048_q16_rep4,2,4,2,sm_89,R1_EVENT_OVERLAP,NCCL,C2_RING_SIMPLE_CH8,2048,2048,2048,16,7,1048576,38,0,1444.224,2244.768,2548.352,303.584,PASS,0
mh_r1_C2_RING_SIMPLE_CH8_N2048_q16_rep4,2,4,2,sm_89,R1_EVENT_OVERLAP,NCCL,C2_RING_SIMPLE_CH8,2048,2048,2048,16,8,1048576,38,0,1680.928,2551.808,2858.720,306.912,PASS,0
mh_r1_C2_RING_SIMPLE_CH8_N2048_q16_rep4,2,4,2,sm_89,R1_EVENT_OVERLAP,NCCL,C2_RING_SIMPLE_CH8,2048,2048,2048,16,9,1048576,38,0,1982.368,2862.112,3132.000,269.888,PASS,0
mh_r1_C2_RING_SIMPLE_CH8_N2048_q16_rep4,2,4,2,sm_89,R1_EVENT_OVERLAP,NCCL,C2_RING_SIMPLE_CH8,2048,2048,2048,16,10,1048576,38,0,2286.400,3135.392,3437.856,302.464,PASS,0
mh_r1_C2_RING_SIMPLE_CH8_N2048_q16_rep4,2,4,2,sm_89,R1_EVENT_OVERLAP,NCCL,C2_RING_SIMPLE_CH8,2048,2048,2048,16,11,1048576,38,0,2520.480,3441.280,3700.928,259.648,PASS,0
mh_r1_C2_RING_SIMPLE_CH8_N2048_q16_rep4,2,4,2,sm_89,R1_EVENT_OVERLAP,NCCL,C2_RING_SIMPLE_CH8,2048,2048,2048,16,12,1048576,38,0,2622.688,3704.352,3965.568,261.216,PASS,0
mh_r1_C2_RING_SIMPLE_CH8_N2048_q16_rep4,2,4,2,sm_89,R1_EVENT_OVERLAP,NCCL,C2_RING_SIMPLE_CH8,2048,2048,2048,16,13,1048576,38,0,2868.384,3968.992,4229.120,260.128,PASS,0
mh_r1_C2_RING_SIMPLE_CH8_N2048_q16_rep4,2,4,2,sm_89,R1_EVENT_OVERLAP,NCCL,C2_RING_SIMPLE_CH8,2048,2048,2048,16,14,1048576,38,0,3164.288,4232.640,4493.120,260.480,PASS,0
mh_r1_C2_RING_SIMPLE_CH8_N2048_q16_rep4,2,4,2,sm_89,R1_EVENT_OVERLAP,NCCL,C2_RING_SIMPLE_CH8,2048,2048,2048,16,15,1048576,38,0,3429.600,4496.512,4755.776,259.264,PASS,0
mh_r1_C2_RING_SIMPLE_CH8_N2048_q16_rep4,2,4,2,sm_89,R1_EVENT_OVERLAP,NCCL,C2_RING_SIMPLE_CH8,2048,2048,2048,16,0,1048576,39,0,134.336,141.056,451.840,310.784,PASS,0
mh_r1_C2_RING_SIMPLE_CH8_N2048_q16_rep4,2,4,2,sm_89,R1_EVENT_OVERLAP,NCCL,C2_RING_SIMPLE_CH8,2048,2048,2048,16,1,1048576,39,0,259.744,455.328,771.264,315.936,PASS,0
mh_r1_C2_RING_SIMPLE_CH8_N2048_q16_rep4,2,4,2,sm_89,R1_EVENT_OVERLAP,NCCL,C2_RING_SIMPLE_CH8,2048,2048,2048,16,2,1048576,39,0,473.920,774.624,1047.552,272.928,PASS,0
mh_r1_C2_RING_SIMPLE_CH8_N2048_q16_rep4,2,4,2,sm_89,R1_EVENT_OVERLAP,NCCL,C2_RING_SIMPLE_CH8,2048,2048,2048,16,3,1048576,39,0,791.648,1051.104,1357.440,306.336,PASS,0
mh_r1_C2_RING_SIMPLE_CH8_N2048_q16_rep4,2,4,2,sm_89,R1_EVENT_OVERLAP,NCCL,C2_RING_SIMPLE_CH8,2048,2048,2048,16,4,1048576,39,0,1100.480,1360.928,1638.464,277.536,PASS,0
mh_r1_C2_RING_SIMPLE_CH8_N2048_q16_rep4,2,4,2,sm_89,R1_EVENT_OVERLAP,NCCL,C2_RING_SIMPLE_CH8,2048,2048,2048,16,5,1048576,39,0,1379.584,1641.856,1915.680,273.824,PASS,0
mh_r1_C2_RING_SIMPLE_CH8_N2048_q16_rep4,2,4,2,sm_89,R1_EVENT_OVERLAP,NCCL,C2_RING_SIMPLE_CH8,2048,2048,2048,16,6,1048576,39,0,1688.448,1919.040,2190.752,271.712,PASS,0
mh_r1_C2_RING_SIMPLE_CH8_N2048_q16_rep4,2,4,2,sm_89,R1_EVENT_OVERLAP,NCCL,C2_RING_SIMPLE_CH8,2048,2048,2048,16,7,1048576,39,0,1970.336,2195.008,2507.296,312.288,PASS,0
mh_r1_C2_RING_SIMPLE_CH8_N2048_q16_rep4,2,4,2,sm_89,R1_EVENT_OVERLAP,NCCL,C2_RING_SIMPLE_CH8,2048,2048,2048,16,8,1048576,39,0,2250.912,2510.688,2785.056,274.368,PASS,0
mh_r1_C2_RING_SIMPLE_CH8_N2048_q16_rep4,2,4,2,sm_89,R1_EVENT_OVERLAP,NCCL,C2_RING_SIMPLE_CH8,2048,2048,2048,16,9,1048576,39,0,2547.808,2788.608,3059.232,270.624,PASS,0
mh_r1_C2_RING_SIMPLE_CH8_N2048_q16_rep4,2,4,2,sm_89,R1_EVENT_OVERLAP,NCCL,C2_RING_SIMPLE_CH8,2048,2048,2048,16,10,1048576,39,0,2838.528,3062.624,3367.456,304.832,PASS,0
mh_r1_C2_RING_SIMPLE_CH8_N2048_q16_rep4,2,4,2,sm_89,R1_EVENT_OVERLAP,NCCL,C2_RING_SIMPLE_CH8,2048,2048,2048,16,11,1048576,39,0,3116.544,3370.816,3641.440,270.624,PASS,0
mh_r1_C2_RING_SIMPLE_CH8_N2048_q16_rep4,2,4,2,sm_89,R1_EVENT_OVERLAP,NCCL,C2_RING_SIMPLE_CH8,2048,2048,2048,16,12,1048576,39,0,3403.680,3644.928,3913.408,268.480,PASS,0
mh_r1_C2_RING_SIMPLE_CH8_N2048_q16_rep4,2,4,2,sm_89,R1_EVENT_OVERLAP,NCCL,C2_RING_SIMPLE_CH8,2048,2048,2048,16,13,1048576,39,0,3700.736,3916.928,4219.392,302.464,PASS,0
mh_r1_C2_RING_SIMPLE_CH8_N2048_q16_rep4,2,4,2,sm_89,R1_EVENT_OVERLAP,NCCL,C2_RING_SIMPLE_CH8,2048,2048,2048,16,14,1048576,39,0,3975.360,4222.816,4482.656,259.840,PASS,0
mh_r1_C2_RING_SIMPLE_CH8_N2048_q16_rep4,2,4,2,sm_89,R1_EVENT_OVERLAP,NCCL,C2_RING_SIMPLE_CH8,2048,2048,2048,16,15,1048576,39,0,4263.008,4486.080,4745.952,259.872,PASS,0
mh_r1_C2_RING_SIMPLE_CH8_N2048_q16_rep4,2,4,2,sm_89,R1_EVENT_OVERLAP,NCCL,C2_RING_SIMPLE_CH8,2048,2048,2048,16,0,1048576,40,0,118.784,125.088,431.680,306.592,PASS,0
mh_r1_C2_RING_SIMPLE_CH8_N2048_q16_rep4,2,4,2,sm_89,R1_EVENT_OVERLAP,NCCL,C2_RING_SIMPLE_CH8,2048,2048,2048,16,1,1048576,40,0,203.840,435.104,716.800,281.696,PASS,0
mh_r1_C2_RING_SIMPLE_CH8_N2048_q16_rep4,2,4,2,sm_89,R1_EVENT_OVERLAP,NCCL,C2_RING_SIMPLE_CH8,2048,2048,2048,16,2,1048576,40,0,441.920,720.352,1027.648,307.296,PASS,0
mh_r1_C2_RING_SIMPLE_CH8_N2048_q16_rep4,2,4,2,sm_89,R1_EVENT_OVERLAP,NCCL,C2_RING_SIMPLE_CH8,2048,2048,2048,16,3,1048576,40,0,747.104,1030.976,1346.112,315.136,PASS,0
mh_r1_C2_RING_SIMPLE_CH8_N2048_q16_rep4,2,4,2,sm_89,R1_EVENT_OVERLAP,NCCL,C2_RING_SIMPLE_CH8,2048,2048,2048,16,4,1048576,40,0,998.528,1349.824,1659.296,309.472,PASS,0
mh_r1_C2_RING_SIMPLE_CH8_N2048_q16_rep4,2,4,2,sm_89,R1_EVENT_OVERLAP,NCCL,C2_RING_SIMPLE_CH8,2048,2048,2048,16,5,1048576,40,0,1104.448,1662.688,1946.912,284.224,PASS,0
mh_r1_C2_RING_SIMPLE_CH8_N2048_q16_rep4,2,4,2,sm_89,R1_EVENT_OVERLAP,NCCL,C2_RING_SIMPLE_CH8,2048,2048,2048,16,6,1048576,40,0,1336.192,1950.240,2254.880,304.640,PASS,0
mh_r1_C2_RING_SIMPLE_CH8_N2048_q16_rep4,2,4,2,sm_89,R1_EVENT_OVERLAP,NCCL,C2_RING_SIMPLE_CH8,2048,2048,2048,16,7,1048576,40,0,1436.160,2258.240,2566.144,307.904,PASS,0
mh_r1_C2_RING_SIMPLE_CH8_N2048_q16_rep4,2,4,2,sm_89,R1_EVENT_OVERLAP,NCCL,C2_RING_SIMPLE_CH8,2048,2048,2048,16,8,1048576,40,0,1669.568,2569.568,2846.016,276.448,PASS,0
mh_r1_C2_RING_SIMPLE_CH8_N2048_q16_rep4,2,4,2,sm_89,R1_EVENT_OVERLAP,NCCL,C2_RING_SIMPLE_CH8,2048,2048,2048,16,9,1048576,40,0,1979.872,2849.440,3153.376,303.936,PASS,0
mh_r1_C2_RING_SIMPLE_CH8_N2048_q16_rep4,2,4,2,sm_89,R1_EVENT_OVERLAP,NCCL,C2_RING_SIMPLE_CH8,2048,2048,2048,16,10,1048576,40,0,2224.256,3156.896,3428.960,272.064,PASS,0
mh_r1_C2_RING_SIMPLE_CH8_N2048_q16_rep4,2,4,2,sm_89,R1_EVENT_OVERLAP,NCCL,C2_RING_SIMPLE_CH8,2048,2048,2048,16,11,1048576,40,0,2332.608,3432.288,3727.968,295.680,PASS,0
mh_r1_C2_RING_SIMPLE_CH8_N2048_q16_rep4,2,4,2,sm_89,R1_EVENT_OVERLAP,NCCL,C2_RING_SIMPLE_CH8,2048,2048,2048,16,12,1048576,40,0,2575.968,3731.360,3992.416,261.056,PASS,0
mh_r1_C2_RING_SIMPLE_CH8_N2048_q16_rep4,2,4,2,sm_89,R1_EVENT_OVERLAP,NCCL,C2_RING_SIMPLE_CH8,2048,2048,2048,16,13,1048576,40,0,2867.168,3995.840,4256.096,260.256,PASS,0
mh_r1_C2_RING_SIMPLE_CH8_N2048_q16_rep4,2,4,2,sm_89,R1_EVENT_OVERLAP,NCCL,C2_RING_SIMPLE_CH8,2048,2048,2048,16,14,1048576,40,0,3165.664,4259.552,4519.712,260.160,PASS,0
mh_r1_C2_RING_SIMPLE_CH8_N2048_q16_rep4,2,4,2,sm_89,R1_EVENT_OVERLAP,NCCL,C2_RING_SIMPLE_CH8,2048,2048,2048,16,15,1048576,40,0,3477.056,4523.200,4782.240,259.040,PASS,0
mh_r1_C2_RING_SIMPLE_CH8_N2048_q16_rep4,2,4,2,sm_89,R1_EVENT_OVERLAP,NCCL,C2_RING_SIMPLE_CH8,2048,2048,2048,16,0,1048576,41,0,154.592,159.136,471.936,312.800,PASS,0
mh_r1_C2_RING_SIMPLE_CH8_N2048_q16_rep4,2,4,2,sm_89,R1_EVENT_OVERLAP,NCCL,C2_RING_SIMPLE_CH8,2048,2048,2048,16,1,1048576,41,0,254.144,475.360,784.608,309.248,PASS,0
mh_r1_C2_RING_SIMPLE_CH8_N2048_q16_rep4,2,4,2,sm_89,R1_EVENT_OVERLAP,NCCL,C2_RING_SIMPLE_CH8,2048,2048,2048,16,2,1048576,41,0,494.880,788.608,1103.168,314.560,PASS,0
mh_r1_C2_RING_SIMPLE_CH8_N2048_q16_rep4,2,4,2,sm_89,R1_EVENT_OVERLAP,NCCL,C2_RING_SIMPLE_CH8,2048,2048,2048,16,3,1048576,41,0,762.976,1106.720,1428.864,322.144,PASS,0
mh_r1_C2_RING_SIMPLE_CH8_N2048_q16_rep4,2,4,2,sm_89,R1_EVENT_OVERLAP,NCCL,C2_RING_SIMPLE_CH8,2048,2048,2048,16,4,1048576,41,0,892.000,1432.288,1704.224,271.936,PASS,0
mh_r1_C2_RING_SIMPLE_CH8_N2048_q16_rep4,2,4,2,sm_89,R1_EVENT_OVERLAP,NCCL,C2_RING_SIMPLE_CH8,2048,2048,2048,16,5,1048576,41,0,1124.128,1707.680,2021.568,313.888,PASS,0
mh_r1_C2_RING_SIMPLE_CH8_N2048_q16_rep4,2,4,2,sm_89,R1_EVENT_OVERLAP,NCCL,C2_RING_SIMPLE_CH8,2048,2048,2048,16,6,1048576,41,0,1449.568,2024.928,2298.656,273.728,PASS,0
mh_r1_C2_RING_SIMPLE_CH8_N2048_q16_rep4,2,4,2,sm_89,R1_EVENT_OVERLAP,NCCL,C2_RING_SIMPLE_CH8,2048,2048,2048,16,7,1048576,41,0,1754.880,2302.144,2571.520,269.376,PASS,0
mh_r1_C2_RING_SIMPLE_CH8_N2048_q16_rep4,2,4,2,sm_89,R1_EVENT_OVERLAP,NCCL,C2_RING_SIMPLE_CH8,2048,2048,2048,16,8,1048576,41,0,2045.056,2574.944,2846.368,271.424,PASS,0
mh_r1_C2_RING_SIMPLE_CH8_N2048_q16_rep4,2,4,2,sm_89,R1_EVENT_OVERLAP,NCCL,C2_RING_SIMPLE_CH8,2048,2048,2048,16,9,1048576,41,0,2348.832,2849.696,3159.264,309.568,PASS,0
mh_r1_C2_RING_SIMPLE_CH8_N2048_q16_rep4,2,4,2,sm_89,R1_EVENT_OVERLAP,NCCL,C2_RING_SIMPLE_CH8,2048,2048,2048,16,10,1048576,41,0,2628.864,3162.688,3470.592,307.904,PASS,0
mh_r1_C2_RING_SIMPLE_CH8_N2048_q16_rep4,2,4,2,sm_89,R1_EVENT_OVERLAP,NCCL,C2_RING_SIMPLE_CH8,2048,2048,2048,16,11,1048576,41,0,2938.304,3473.984,3745.248,271.264,PASS,0
mh_r1_C2_RING_SIMPLE_CH8_N2048_q16_rep4,2,4,2,sm_89,R1_EVENT_OVERLAP,NCCL,C2_RING_SIMPLE_CH8,2048,2048,2048,16,12,1048576,41,0,3219.424,3748.608,4017.920,269.312,PASS,0
mh_r1_C2_RING_SIMPLE_CH8_N2048_q16_rep4,2,4,2,sm_89,R1_EVENT_OVERLAP,NCCL,C2_RING_SIMPLE_CH8,2048,2048,2048,16,13,1048576,41,0,3496.928,4021.312,4318.816,297.504,PASS,0
mh_r1_C2_RING_SIMPLE_CH8_N2048_q16_rep4,2,4,2,sm_89,R1_EVENT_OVERLAP,NCCL,C2_RING_SIMPLE_CH8,2048,2048,2048,16,14,1048576,41,0,3803.392,4322.240,4582.368,260.128,PASS,0
mh_r1_C2_RING_SIMPLE_CH8_N2048_q16_rep4,2,4,2,sm_89,R1_EVENT_OVERLAP,NCCL,C2_RING_SIMPLE_CH8,2048,2048,2048,16,15,1048576,41,0,4075.136,4585.824,4846.464,260.640,PASS,0
mh_r1_C2_RING_SIMPLE_CH8_N2048_q16_rep4,2,4,2,sm_89,R1_EVENT_OVERLAP,NCCL,C2_RING_SIMPLE_CH8,2048,2048,2048,16,0,1048576,42,0,116.736,123.424,435.168,311.744,PASS,0
mh_r1_C2_RING_SIMPLE_CH8_N2048_q16_rep4,2,4,2,sm_89,R1_EVENT_OVERLAP,NCCL,C2_RING_SIMPLE_CH8,2048,2048,2048,16,1,1048576,42,0,203.872,438.528,711.200,272.672,PASS,0
mh_r1_C2_RING_SIMPLE_CH8_N2048_q16_rep4,2,4,2,sm_89,R1_EVENT_OVERLAP,NCCL,C2_RING_SIMPLE_CH8,2048,2048,2048,16,2,1048576,42,0,444.832,715.424,1019.936,304.512,PASS,0
mh_r1_C2_RING_SIMPLE_CH8_N2048_q16_rep4,2,4,2,sm_89,R1_EVENT_OVERLAP,NCCL,C2_RING_SIMPLE_CH8,2048,2048,2048,16,3,1048576,42,0,738.336,1023.296,1334.880,311.584,PASS,0
mh_r1_C2_RING_SIMPLE_CH8_N2048_q16_rep4,2,4,2,sm_89,R1_EVENT_OVERLAP,NCCL,C2_RING_SIMPLE_CH8,2048,2048,2048,16,4,1048576,42,0,1008.736,1338.336,1627.296,288.960,PASS,0
mh_r1_C2_RING_SIMPLE_CH8_N2048_q16_rep4,2,4,2,sm_89,R1_EVENT_OVERLAP,NCCL,C2_RING_SIMPLE_CH8,2048,2048,2048,16,5,1048576,42,0,1098.720,1630.784,1937.088,306.304,PASS,0
mh_r1_C2_RING_SIMPLE_CH8_N2048_q16_rep4,2,4,2,sm_89,R1_EVENT_OVERLAP,NCCL,C2_RING_SIMPLE_CH8,2048,2048,2048,16,6,1048576,42,0,1345.056,1940.480,2252.992,312.512,PASS,0
mh_r1_C2_RING_SIMPLE_CH8_N2048_q16_rep4,2,4,2,sm_89,R1_EVENT_OVERLAP,NCCL,C2_RING_SIMPLE_CH8,2048,2048,2048,16,7,1048576,42,0,1649.632,2256.320,2532.224,275.904,PASS,0
mh_r1_C2_RING_SIMPLE_CH8_N2048_q16_rep4,2,4,2,sm_89,R1_EVENT_OVERLAP,NCCL,C2_RING_SIMPLE_CH8,2048,2048,2048,16,8,1048576,42,0,1905.344,2535.776,2841.888,306.112,PASS,0
mh_r1_C2_RING_SIMPLE_CH8_N2048_q16_rep4,2,4,2,sm_89,R1_EVENT_OVERLAP,NCCL,C2_RING_SIMPLE_CH8,2048,2048,2048,16,9,1048576,42,0,2002.304,2845.216,3149.504,304.288,PASS,0
mh_r1_C2_RING_SIMPLE_CH8_N2048_q16_rep4,2,4,2,sm_89,R1_EVENT_OVERLAP,NCCL,C2_RING_SIMPLE_CH8,2048,2048,2048,16,10,1048576,42,0,2262.976,3153.024,3458.400,305.376,PASS,0
mh_r1_C2_RING_SIMPLE_CH8_N2048_q16_rep4,2,4,2,sm_89,R1_EVENT_OVERLAP,NCCL,C2_RING_SIMPLE_CH8,2048,2048,2048,16,11,1048576,42,0,2562.400,3461.856,3721.184,259.328,PASS,0
mh_r1_C2_RING_SIMPLE_CH8_N2048_q16_rep4,2,4,2,sm_89,R1_EVENT_OVERLAP,NCCL,C2_RING_SIMPLE_CH8,2048,2048,2048,16,12,1048576,42,0,2812.160,3724.640,3985.472,260.832,PASS,0
mh_r1_C2_RING_SIMPLE_CH8_N2048_q16_rep4,2,4,2,sm_89,R1_EVENT_OVERLAP,NCCL,C2_RING_SIMPLE_CH8,2048,2048,2048,16,13,1048576,42,0,2905.536,3988.928,4248.544,259.616,PASS,0
mh_r1_C2_RING_SIMPLE_CH8_N2048_q16_rep4,2,4,2,sm_89,R1_EVENT_OVERLAP,NCCL,C2_RING_SIMPLE_CH8,2048,2048,2048,16,14,1048576,42,0,3196.256,4252.000,4512.416,260.416,PASS,0
mh_r1_C2_RING_SIMPLE_CH8_N2048_q16_rep4,2,4,2,sm_89,R1_EVENT_OVERLAP,NCCL,C2_RING_SIMPLE_CH8,2048,2048,2048,16,15,1048576,42,0,3448.960,4515.872,4775.552,259.680,PASS,0
mh_r1_C2_RING_SIMPLE_CH8_N2048_q16_rep4,2,4,2,sm_89,R1_EVENT_OVERLAP,NCCL,C2_RING_SIMPLE_CH8,2048,2048,2048,16,0,1048576,43,0,145.920,152.256,462.912,310.656,PASS,0
mh_r1_C2_RING_SIMPLE_CH8_N2048_q16_rep4,2,4,2,sm_89,R1_EVENT_OVERLAP,NCCL,C2_RING_SIMPLE_CH8,2048,2048,2048,16,1,1048576,43,0,247.840,466.336,772.448,306.112,PASS,0
mh_r1_C2_RING_SIMPLE_CH8_N2048_q16_rep4,2,4,2,sm_89,R1_EVENT_OVERLAP,NCCL,C2_RING_SIMPLE_CH8,2048,2048,2048,16,2,1048576,43,0,484.160,775.776,1052.544,276.768,PASS,0
mh_r1_C2_RING_SIMPLE_CH8_N2048_q16_rep4,2,4,2,sm_89,R1_EVENT_OVERLAP,NCCL,C2_RING_SIMPLE_CH8,2048,2048,2048,16,3,1048576,43,0,806.240,1055.904,1363.008,307.104,PASS,0
mh_r1_C2_RING_SIMPLE_CH8_N2048_q16_rep4,2,4,2,sm_89,R1_EVENT_OVERLAP,NCCL,C2_RING_SIMPLE_CH8,2048,2048,2048,16,4,1048576,43,0,1118.144,1366.528,1637.344,270.816,PASS,0
mh_r1_C2_RING_SIMPLE_CH8_N2048_q16_rep4,2,4,2,sm_89,R1_EVENT_OVERLAP,NCCL,C2_RING_SIMPLE_CH8,2048,2048,2048,16,5,1048576,43,0,1392.896,1640.832,1944.608,303.776,PASS,0
mh_r1_C2_RING_SIMPLE_CH8_N2048_q16_rep4,2,4,2,sm_89,R1_EVENT_OVERLAP,NCCL,C2_RING_SIMPLE_CH8,2048,2048,2048,16,6,1048576,43,0,1704.768,1948.352,2220.064,271.712,PASS,0
mh_r1_C2_RING_SIMPLE_CH8_N2048_q16_rep4,2,4,2,sm_89,R1_EVENT_OVERLAP,NCCL,C2_RING_SIMPLE_CH8,2048,2048,2048,16,7,1048576,43,0,1983.872,2223.616,2534.880,311.264,PASS,0
mh_r1_C2_RING_SIMPLE_CH8_N2048_q16_rep4,2,4,2,sm_89,R1_EVENT_OVERLAP,NCCL,C2_RING_SIMPLE_CH8,2048,2048,2048,16,8,1048576,43,0,2293.120,2538.400,2815.520,277.120,PASS,0
mh_r1_C2_RING_SIMPLE_CH8_N2048_q16_rep4,2,4,2,sm_89,R1_EVENT_OVERLAP,NCCL,C2_RING_SIMPLE_CH8,2048,2048,2048,16,9,1048576,43,0,2545.472,2819.072,3120.736,301.664,PASS,0
mh_r1_C2_RING_SIMPLE_CH8_N2048_q16_rep4,2,4,2,sm_89,R1_EVENT_OVERLAP,NCCL,C2_RING_SIMPLE_CH8,2048,2048,2048,16,10,1048576,43,0,2839.584,3124.032,3428.000,303.968,PASS,0
mh_r1_C2_RING_SIMPLE_CH8_N2048_q16_rep4,2,4,2,sm_89,R1_EVENT_OVERLAP,NCCL,C2_RING_SIMPLE_CH8,2048,2048,2048,16,11,1048576,43,0,3091.264,3431.552,3742.272,310.720,PASS,0
mh_r1_C2_RING_SIMPLE_CH8_N2048_q16_rep4,2,4,2,sm_89,R1_EVENT_OVERLAP,NCCL,C2_RING_SIMPLE_CH8,2048,2048,2048,16,12,1048576,43,0,3184.064,3745.696,4041.984,296.288,PASS,0
mh_r1_C2_RING_SIMPLE_CH8_N2048_q16_rep4,2,4,2,sm_89,R1_EVENT_OVERLAP,NCCL,C2_RING_SIMPLE_CH8,2048,2048,2048,16,13,1048576,43,0,3478.752,4045.440,4306.624,261.184,PASS,0
mh_r1_C2_RING_SIMPLE_CH8_N2048_q16_rep4,2,4,2,sm_89,R1_EVENT_OVERLAP,NCCL,C2_RING_SIMPLE_CH8,2048,2048,2048,16,14,1048576,43,0,3734.976,4310.048,4569.504,259.456,PASS,0
mh_r1_C2_RING_SIMPLE_CH8_N2048_q16_rep4,2,4,2,sm_89,R1_EVENT_OVERLAP,NCCL,C2_RING_SIMPLE_CH8,2048,2048,2048,16,15,1048576,43,0,3824.192,4572.928,4832.160,259.232,PASS,0
mh_r1_C2_RING_SIMPLE_CH8_N2048_q16_rep4,2,4,2,sm_89,R1_EVENT_OVERLAP,NCCL,C2_RING_SIMPLE_CH8,2048,2048,2048,16,0,1048576,44,0,124.768,131.616,438.144,306.528,PASS,0
mh_r1_C2_RING_SIMPLE_CH8_N2048_q16_rep4,2,4,2,sm_89,R1_EVENT_OVERLAP,NCCL,C2_RING_SIMPLE_CH8,2048,2048,2048,16,1,1048576,44,0,210.880,441.472,716.896,275.424,PASS,0
mh_r1_C2_RING_SIMPLE_CH8_N2048_q16_rep4,2,4,2,sm_89,R1_EVENT_OVERLAP,NCCL,C2_RING_SIMPLE_CH8,2048,2048,2048,16,2,1048576,44,0,447.808,720.352,1022.464,302.112,PASS,0
mh_r1_C2_RING_SIMPLE_CH8_N2048_q16_rep4,2,4,2,sm_89,R1_EVENT_OVERLAP,NCCL,C2_RING_SIMPLE_CH8,2048,2048,2048,16,3,1048576,44,0,739.616,1026.304,1333.088,306.784,PASS,0
mh_r1_C2_RING_SIMPLE_CH8_N2048_q16_rep4,2,4,2,sm_89,R1_EVENT_OVERLAP,NCCL,C2_RING_SIMPLE_CH8,2048,2048,2048,16,4,1048576,44,0,996.288,1336.736,1642.176,305.440,PASS,0
mh_r1_C2_RING_SIMPLE_CH8_N2048_q16_rep4,2,4,2,sm_89,R1_EVENT_OVERLAP,NCCL,C2_RING_SIMPLE_CH8,2048,2048,2048,16,5,1048576,44,0,1088.576,1646.016,1950.528,304.512,PASS,0
mh_r1_C2_RING_SIMPLE_CH8_N2048_q16_rep4,2,4,2,sm_89,R1_EVENT_OVERLAP,NCCL,C2_RING_SIMPLE_CH8,2048,2048,2048,16,6,1048576,44,0,1325.984,1954.304,2223.040,268.736,PASS,0
mh_r1_C2_RING_SIMPLE_CH8_N2048_q16_rep4,2,4,2,sm_89,R1_EVENT_OVERLAP,NCCL,C2_RING_SIMPLE_CH8,2048,2048,2048,16,7,1048576,44,0,1428.672,2226.624,2531.200,304.576,PASS,0
mh_r1_C2_RING_SIMPLE_CH8_N2048_q16_rep4,2,4,2,sm_89,R1_EVENT_OVERLAP,NCCL,C2_RING_SIMPLE_CH8,2048,2048,2048,16,8,1048576,44,0,1663.872,2534.496,2805.920,271.424,PASS,0
mh_r1_C2_RING_SIMPLE_CH8_N2048_q16_rep4,2,4,2,sm_89,R1_EVENT_OVERLAP,NCCL,C2_RING_SIMPLE_CH8,2048,2048,2048,16,9,1048576,44,0,1960.512,2809.344,3119.680,310.336,PASS,0
mh_r1_C2_RING_SIMPLE_CH8_N2048_q16_rep4,2,4,2,sm_89,R1_EVENT_OVERLAP,NCCL,C2_RING_SIMPLE_CH8,2048,2048,2048,16,10,1048576,44,0,2247.072,3123.040,3394.176,271.136,PASS,0
mh_r1_C2_RING_SIMPLE_CH8_N2048_q16_rep4,2,4,2,sm_89,R1_EVENT_OVERLAP,NCCL,C2_RING_SIMPLE_CH8,2048,2048,2048,16,11,1048576,44,0,2540.960,3397.632,3703.744,306.112,PASS,0
mh_r1_C2_RING_SIMPLE_CH8_N2048_q16_rep4,2,4,2,sm_89,R1_EVENT_OVERLAP,NCCL,C2_RING_SIMPLE_CH8,2048,2048,2048,16,12,1048576,44,0,2834.656,3707.168,3965.856,258.688,PASS,0
mh_r1_C2_RING_SIMPLE_CH8_N2048_q16_rep4,2,4,2,sm_89,R1_EVENT_OVERLAP,NCCL,C2_RING_SIMPLE_CH8,2048,2048,2048,16,13,1048576,44,0,3129.856,3969.280,4227.104,257.824,PASS,0
mh_r1_C2_RING_SIMPLE_CH8_N2048_q16_rep4,2,4,2,sm_89,R1_EVENT_OVERLAP,NCCL,C2_RING_SIMPLE_CH8,2048,2048,2048,16,14,1048576,44,0,3414.912,4230.496,4488.032,257.536,PASS,0
mh_r1_C2_RING_SIMPLE_CH8_N2048_q16_rep4,2,4,2,sm_89,R1_EVENT_OVERLAP,NCCL,C2_RING_SIMPLE_CH8,2048,2048,2048,16,15,1048576,44,0,3714.592,4491.424,4747.168,255.744,PASS,0
mh_r1_C2_RING_SIMPLE_CH8_N2048_q16_rep4,2,4,2,sm_89,R1_EVENT_OVERLAP,NCCL,C2_RING_SIMPLE_CH8,2048,2048,2048,16,0,1048576,45,0,136.800,143.488,451.424,307.936,PASS,0
mh_r1_C2_RING_SIMPLE_CH8_N2048_q16_rep4,2,4,2,sm_89,R1_EVENT_OVERLAP,NCCL,C2_RING_SIMPLE_CH8,2048,2048,2048,16,1,1048576,45,0,223.584,454.848,729.952,275.104,PASS,0
mh_r1_C2_RING_SIMPLE_CH8_N2048_q16_rep4,2,4,2,sm_89,R1_EVENT_OVERLAP,NCCL,C2_RING_SIMPLE_CH8,2048,2048,2048,16,2,1048576,45,0,472.320,733.216,1037.920,304.704,PASS,0
mh_r1_C2_RING_SIMPLE_CH8_N2048_q16_rep4,2,4,2,sm_89,R1_EVENT_OVERLAP,NCCL,C2_RING_SIMPLE_CH8,2048,2048,2048,16,3,1048576,45,0,793.600,1042.208,1311.776,269.568,PASS,0
mh_r1_C2_RING_SIMPLE_CH8_N2048_q16_rep4,2,4,2,sm_89,R1_EVENT_OVERLAP,NCCL,C2_RING_SIMPLE_CH8,2048,2048,2048,16,4,1048576,45,0,1067.264,1315.072,1616.736,301.664,PASS,0
mh_r1_C2_RING_SIMPLE_CH8_N2048_q16_rep4,2,4,2,sm_89,R1_EVENT_OVERLAP,NCCL,C2_RING_SIMPLE_CH8,2048,2048,2048,16,5,1048576,45,0,1370.368,1620.320,1926.592,306.272,PASS,0
mh_r1_C2_RING_SIMPLE_CH8_N2048_q16_rep4,2,4,2,sm_89,R1_EVENT_OVERLAP,NCCL,C2_RING_SIMPLE_CH8,2048,2048,2048,16,6,1048576,45,0,1605.696,1930.272,2206.656,276.384,PASS,0
mh_r1_C2_RING_SIMPLE_CH8_N2048_q16_rep4,2,4,2,sm_89,R1_EVENT_OVERLAP,NCCL,C2_RING_SIMPLE_CH8,2048,2048,2048,16,7,1048576,45,0,1695.648,2210.272,2513.824,303.552,PASS,0
mh_r1_C2_RING_SIMPLE_CH8_N2048_q16_rep4,2,4,2,sm_89,R1_EVENT_OVERLAP,NCCL,C2_RING_SIMPLE_CH8,2048,2048,2048,16,8,1048576,45,0,1940.800,2517.152,2823.392,306.240,PASS,0
mh_r1_C2_RING_SIMPLE_CH8_N2048_q16_rep4,2,4,2,sm_89,R1_EVENT_OVERLAP,NCCL,C2_RING_SIMPLE_CH8,2048,2048,2048,16,9,1048576,45,0,2230.976,2826.784,3131.520,304.736,PASS,0
mh_r1_C2_RING_SIMPLE_CH8_N2048_q16_rep4,2,4,2,sm_89,R1_EVENT_OVERLAP,NCCL,C2_RING_SIMPLE_CH8,2048,2048,2048,16,10,1048576,45,0,2487.104,3134.880,3441.056,306.176,PASS,0
mh_r1_C2_RING_SIMPLE_CH8_N2048_q16_rep4,2,4,2,sm_89,R1_EVENT_OVERLAP,NCCL,C2_RING_SIMPLE_CH8,2048,2048,2048,16,11,1048576,45,0,2594.368,3444.416,3744.352,299.936,PASS,0
mh_r1_C2_RING_SIMPLE_CH8_N2048_q16_rep4,2,4,2,sm_89,R1_EVENT_OVERLAP,NCCL,C2_RING_SIMPLE_CH8,2048,2048,2048,16,12,1048576,45,0,2902.528,3747.744,4040.736,292.992,PASS,0
mh_r1_C2_RING_SIMPLE_CH8_N2048_q16_rep4,2,4,2,sm_89,R1_EVENT_OVERLAP,NCCL,C2_RING_SIMPLE_CH8,2048,2048,2048,16,13,1048576,45,0,3211.072,4044.128,4302.720,258.592,PASS,0
mh_r1_C2_RING_SIMPLE_CH8_N2048_q16_rep4,2,4,2,sm_89,R1_EVENT_OVERLAP,NCCL,C2_RING_SIMPLE_CH8,2048,2048,2048,16,14,1048576,45,0,3494.208,4306.112,4563.008,256.896,PASS,0
mh_r1_C2_RING_SIMPLE_CH8_N2048_q16_rep4,2,4,2,sm_89,R1_EVENT_OVERLAP,NCCL,C2_RING_SIMPLE_CH8,2048,2048,2048,16,15,1048576,45,0,3799.264,4566.400,4823.680,257.280,PASS,0
mh_r1_C2_RING_SIMPLE_CH8_N2048_q16_rep4,2,4,2,sm_89,R1_EVENT_OVERLAP,NCCL,C2_RING_SIMPLE_CH8,2048,2048,2048,16,0,1048576,46,0,119.680,126.272,432.576,306.304,PASS,0
mh_r1_C2_RING_SIMPLE_CH8_N2048_q16_rep4,2,4,2,sm_89,R1_EVENT_OVERLAP,NCCL,C2_RING_SIMPLE_CH8,2048,2048,2048,16,1,1048576,46,0,204.704,436.064,712.064,276.000,PASS,0
mh_r1_C2_RING_SIMPLE_CH8_N2048_q16_rep4,2,4,2,sm_89,R1_EVENT_OVERLAP,NCCL,C2_RING_SIMPLE_CH8,2048,2048,2048,16,2,1048576,46,0,443.136,715.712,1016.352,300.640,PASS,0
mh_r1_C2_RING_SIMPLE_CH8_N2048_q16_rep4,2,4,2,sm_89,R1_EVENT_OVERLAP,NCCL,C2_RING_SIMPLE_CH8,2048,2048,2048,16,3,1048576,46,0,735.136,1020.096,1327.520,307.424,PASS,0
mh_r1_C2_RING_SIMPLE_CH8_N2048_q16_rep4,2,4,2,sm_89,R1_EVENT_OVERLAP,NCCL,C2_RING_SIMPLE_CH8,2048,2048,2048,16,4,1048576,46,0,988.928,1330.944,1637.056,306.112,PASS,0
mh_r1_C2_RING_SIMPLE_CH8_N2048_q16_rep4,2,4,2,sm_89,R1_EVENT_OVERLAP,NCCL,C2_RING_SIMPLE_CH8,2048,2048,2048,16,5,1048576,46,0,1080.608,1640.384,1910.336,269.952,PASS,0
mh_r1_C2_RING_SIMPLE_CH8_N2048_q16_rep4,2,4,2,sm_89,R1_EVENT_OVERLAP,NCCL,C2_RING_SIMPLE_CH8,2048,2048,2048,16,6,1048576,46,0,1319.904,1913.664,2220.384,306.720,PASS,0
mh_r1_C2_RING_SIMPLE_CH8_N2048_q16_rep4,2,4,2,sm_89,R1_EVENT_OVERLAP,NCCL,C2_RING_SIMPLE_CH8,2048,2048,2048,16,7,1048576,46,0,1410.048,2223.872,2524.352,300.480,PASS,0
mh_r1_C2_RING_SIMPLE_CH8_N2048_q16_rep4,2,4,2,sm_89,R1_EVENT_OVERLAP,NCCL,C2_RING_SIMPLE_CH8,2048,2048,2048,16,8,1048576,46,0,1646.752,2527.840,2829.088,301.248,PASS,0
mh_r1_C2_RING_SIMPLE_CH8_N2048_q16_rep4,2,4,2,sm_89,R1_EVENT_OVERLAP,NCCL,C2_RING_SIMPLE_CH8,2048,2048,2048,16,9,1048576,46,0,1951.232,2832.704,3146.208,313.504,PASS,0
mh_r1_C2_RING_SIMPLE_CH8_N2048_q16_rep4,2,4,2,sm_89,R1_EVENT_OVERLAP,NCCL,C2_RING_SIMPLE_CH8,2048,2048,2048,16,10,1048576,46,0,2210.880,3149.472,3452.992,303.520,PASS,0
mh_r1_C2_RING_SIMPLE_CH8_N2048_q16_rep4,2,4,2,sm_89,R1_EVENT_OVERLAP,NCCL,C2_RING_SIMPLE_CH8,2048,2048,2048,16,11,1048576,46,0,2299.360,3456.672,3713.824,257.152,PASS,0
mh_r1_C2_RING_SIMPLE_CH8_N2048_q16_rep4,2,4,2,sm_89,R1_EVENT_OVERLAP,NCCL,C2_RING_SIMPLE_CH8,2048,2048,2048,16,12,1048576,46,0,2609.856,3717.216,3974.816,257.600,PASS,0
mh_r1_C2_RING_SIMPLE_CH8_N2048_q16_rep4,2,4,2,sm_89,R1_EVENT_OVERLAP,NCCL,C2_RING_SIMPLE_CH8,2048,2048,2048,16,13,1048576,46,0,2910.432,3978.240,4235.552,257.312,PASS,0
mh_r1_C2_RING_SIMPLE_CH8_N2048_q16_rep4,2,4,2,sm_89,R1_EVENT_OVERLAP,NCCL,C2_RING_SIMPLE_CH8,2048,2048,2048,16,14,1048576,46,0,3209.632,4238.976,4496.768,257.792,PASS,0
mh_r1_C2_RING_SIMPLE_CH8_N2048_q16_rep4,2,4,2,sm_89,R1_EVENT_OVERLAP,NCCL,C2_RING_SIMPLE_CH8,2048,2048,2048,16,15,1048576,46,0,3505.536,4500.192,4757.216,257.024,PASS,0
mh_r1_C2_RING_SIMPLE_CH8_N2048_q16_rep4,2,4,2,sm_89,R1_EVENT_OVERLAP,NCCL,C2_RING_SIMPLE_CH8,2048,2048,2048,16,0,1048576,47,0,140.384,146.752,454.080,307.328,PASS,0
mh_r1_C2_RING_SIMPLE_CH8_N2048_q16_rep4,2,4,2,sm_89,R1_EVENT_OVERLAP,NCCL,C2_RING_SIMPLE_CH8,2048,2048,2048,16,1,1048576,47,0,265.824,457.472,765.824,308.352,PASS,0
mh_r1_C2_RING_SIMPLE_CH8_N2048_q16_rep4,2,4,2,sm_89,R1_EVENT_OVERLAP,NCCL,C2_RING_SIMPLE_CH8,2048,2048,2048,16,2,1048576,47,0,482.432,769.152,1078.496,309.344,PASS,0
mh_r1_C2_RING_SIMPLE_CH8_N2048_q16_rep4,2,4,2,sm_89,R1_EVENT_OVERLAP,NCCL,C2_RING_SIMPLE_CH8,2048,2048,2048,16,3,1048576,47,0,743.744,1081.920,1354.112,272.192,PASS,0
mh_r1_C2_RING_SIMPLE_CH8_N2048_q16_rep4,2,4,2,sm_89,R1_EVENT_OVERLAP,NCCL,C2_RING_SIMPLE_CH8,2048,2048,2048,16,4,1048576,47,0,845.664,1357.536,1659.680,302.144,PASS,0
mh_r1_C2_RING_SIMPLE_CH8_N2048_q16_rep4,2,4,2,sm_89,R1_EVENT_OVERLAP,NCCL,C2_RING_SIMPLE_CH8,2048,2048,2048,16,5,1048576,47,0,1088.320,1663.168,1969.344,306.176,PASS,0
mh_r1_C2_RING_SIMPLE_CH8_N2048_q16_rep4,2,4,2,sm_89,R1_EVENT_OVERLAP,NCCL,C2_RING_SIMPLE_CH8,2048,2048,2048,16,6,1048576,47,0,1375.200,1973.056,2281.984,308.928,PASS,0
mh_r1_C2_RING_SIMPLE_CH8_N2048_q16_rep4,2,4,2,sm_89,R1_EVENT_OVERLAP,NCCL,C2_RING_SIMPLE_CH8,2048,2048,2048,16,7,1048576,47,0,1632.128,2285.376,2565.760,280.384,PASS,0
mh_r1_C2_RING_SIMPLE_CH8_N2048_q16_rep4,2,4,2,sm_89,R1_EVENT_OVERLAP,NCCL,C2_RING_SIMPLE_CH8,2048,2048,2048,16,8,1048576,47,0,1742.944,2569.152,2872.928,303.776,PASS,0
mh_r1_C2_RING_SIMPLE_CH8_N2048_q16_rep4,2,4,2,sm_89,R1_EVENT_OVERLAP,NCCL,C2_RING_SIMPLE_CH8,2048,2048,2048,16,9,1048576,47,0,2053.376,2876.384,3141.216,264.832,PASS,0
mh_r1_C2_RING_SIMPLE_CH8_N2048_q16_rep4,2,4,2,sm_89,R1_EVENT_OVERLAP,NCCL,C2_RING_SIMPLE_CH8,2048,2048,2048,16,10,1048576,47,0,2322.816,3144.448,3449.664,305.216,PASS,0
mh_r1_C2_RING_SIMPLE_CH8_N2048_q16_rep4,2,4,2,sm_89,R1_EVENT_OVERLAP,NCCL,C2_RING_SIMPLE_CH8,2048,2048,2048,16,11,1048576,47,0,2631.520,3453.056,3719.200,266.144,PASS,0
mh_r1_C2_RING_SIMPLE_CH8_N2048_q16_rep4,2,4,2,sm_89,R1_EVENT_OVERLAP,NCCL,C2_RING_SIMPLE_CH8,2048,2048,2048,16,12,1048576,47,0,2923.040,3722.816,4015.584,292.768,PASS,0
mh_r1_C2_RING_SIMPLE_CH8_N2048_q16_rep4,2,4,2,sm_89,R1_EVENT_OVERLAP,NCCL,C2_RING_SIMPLE_CH8,2048,2048,2048,16,13,1048576,47,0,3230.496,4019.008,4277.088,258.080,PASS,0
mh_r1_C2_RING_SIMPLE_CH8_N2048_q16_rep4,2,4,2,sm_89,R1_EVENT_OVERLAP,NCCL,C2_RING_SIMPLE_CH8,2048,2048,2048,16,14,1048576,47,0,3504.416,4280.480,4538.112,257.632,PASS,0
mh_r1_C2_RING_SIMPLE_CH8_N2048_q16_rep4,2,4,2,sm_89,R1_EVENT_OVERLAP,NCCL,C2_RING_SIMPLE_CH8,2048,2048,2048,16,15,1048576,47,0,3813.696,4541.600,4798.752,257.152,PASS,0
mh_r1_C2_RING_SIMPLE_CH8_N2048_q16_rep4,2,4,2,sm_89,R1_EVENT_OVERLAP,NCCL,C2_RING_SIMPLE_CH8,2048,2048,2048,16,0,1048576,48,0,113.408,120.512,431.168,310.656,PASS,0
mh_r1_C2_RING_SIMPLE_CH8_N2048_q16_rep4,2,4,2,sm_89,R1_EVENT_OVERLAP,NCCL,C2_RING_SIMPLE_CH8,2048,2048,2048,16,1,1048576,48,0,200.864,434.624,707.808,273.184,PASS,0
mh_r1_C2_RING_SIMPLE_CH8_N2048_q16_rep4,2,4,2,sm_89,R1_EVENT_OVERLAP,NCCL,C2_RING_SIMPLE_CH8,2048,2048,2048,16,2,1048576,48,0,441.280,711.264,1016.800,305.536,PASS,0
mh_r1_C2_RING_SIMPLE_CH8_N2048_q16_rep4,2,4,2,sm_89,R1_EVENT_OVERLAP,NCCL,C2_RING_SIMPLE_CH8,2048,2048,2048,16,3,1048576,48,0,730.336,1020.288,1331.840,311.552,PASS,0
mh_r1_C2_RING_SIMPLE_CH8_N2048_q16_rep4,2,4,2,sm_89,R1_EVENT_OVERLAP,NCCL,C2_RING_SIMPLE_CH8,2048,2048,2048,16,4,1048576,48,0,986.976,1335.232,1605.504,270.272,PASS,0
mh_r1_C2_RING_SIMPLE_CH8_N2048_q16_rep4,2,4,2,sm_89,R1_EVENT_OVERLAP,NCCL,C2_RING_SIMPLE_CH8,2048,2048,2048,16,5,1048576,48,0,1086.976,1608.864,1913.600,304.736,PASS,0
mh_r1_C2_RING_SIMPLE_CH8_N2048_q16_rep4,2,4,2,sm_89,R1_EVENT_OVERLAP,NCCL,C2_RING_SIMPLE_CH8,2048,2048,2048,16,6,1048576,48,0,1353.376,1916.992,2195.488,278.496,PASS,0
mh_r1_C2_RING_SIMPLE_CH8_N2048_q16_rep4,2,4,2,sm_89,R1_EVENT_OVERLAP,NCCL,C2_RING_SIMPLE_CH8,2048,2048,2048,16,7,1048576,48,0,1664.992,2205.568,2511.872,306.304,PASS,0
mh_r1_C2_RING_SIMPLE_CH8_N2048_q16_rep4,2,4,2,sm_89,R1_EVENT_OVERLAP,NCCL,C2_RING_SIMPLE_CH8,2048,2048,2048,16,8,1048576,48,0,1941.760,2515.296,2791.424,276.128,PASS,0
mh_r1_C2_RING_SIMPLE_CH8_N2048_q16_rep4,2,4,2,sm_89,R1_EVENT_OVERLAP,NCCL,C2_RING_SIMPLE_CH8,2048,2048,2048,16,9,1048576,48,0,2255.424,2794.784,3104.896,310.112,PASS,0
mh_r1_C2_RING_SIMPLE_CH8_N2048_q16_rep4,2,4,2,sm_89,R1_EVENT_OVERLAP,NCCL,C2_RING_SIMPLE_CH8,2048,2048,2048,16,10,1048576,48,0,2532.192,3108.448,3421.760,313.312,PASS,0
mh_r1_C2_RING_SIMPLE_CH8_N2048_q16_rep4,2,4,2,sm_89,R1_EVENT_OVERLAP,NCCL,C2_RING_SIMPLE_CH8,2048,2048,2048,16,11,1048576,48,0,2841.120,3425.376,3730.016,304.640,PASS,0
mh_r1_C2_RING_SIMPLE_CH8_N2048_q16_rep4,2,4,2,sm_89,R1_EVENT_OVERLAP,NCCL,C2_RING_SIMPLE_CH8,2048,2048,2048,16,12,1048576,48,0,3080.608,3733.472,3994.144,260.672,PASS,0
mh_r1_C2_RING_SIMPLE_CH8_N2048_q16_rep4,2,4,2,sm_89,R1_EVENT_OVERLAP,NCCL,C2_RING_SIMPLE_CH8,2048,2048,2048,16,13,1048576,48,0,3178.208,3997.568,4258.048,260.480,PASS,0
mh_r1_C2_RING_SIMPLE_CH8_N2048_q16_rep4,2,4,2,sm_89,R1_EVENT_OVERLAP,NCCL,C2_RING_SIMPLE_CH8,2048,2048,2048,16,14,1048576,48,0,3414.464,4261.504,4522.048,260.544,PASS,0
mh_r1_C2_RING_SIMPLE_CH8_N2048_q16_rep4,2,4,2,sm_89,R1_EVENT_OVERLAP,NCCL,C2_RING_SIMPLE_CH8,2048,2048,2048,16,15,1048576,48,0,3722.080,4525.440,4784.064,258.624,PASS,0
mh_r1_C2_RING_SIMPLE_CH8_N2048_q16_rep4,2,4,2,sm_89,R1_EVENT_OVERLAP,NCCL,C2_RING_SIMPLE_CH8,2048,2048,2048,16,0,1048576,49,0,139.040,145.472,455.648,310.176,PASS,0
mh_r1_C2_RING_SIMPLE_CH8_N2048_q16_rep4,2,4,2,sm_89,R1_EVENT_OVERLAP,NCCL,C2_RING_SIMPLE_CH8,2048,2048,2048,16,1,1048576,49,0,229.024,459.168,743.808,284.640,PASS,0
mh_r1_C2_RING_SIMPLE_CH8_N2048_q16_rep4,2,4,2,sm_89,R1_EVENT_OVERLAP,NCCL,C2_RING_SIMPLE_CH8,2048,2048,2048,16,2,1048576,49,0,466.912,747.232,1058.880,311.648,PASS,0
mh_r1_C2_RING_SIMPLE_CH8_N2048_q16_rep4,2,4,2,sm_89,R1_EVENT_OVERLAP,NCCL,C2_RING_SIMPLE_CH8,2048,2048,2048,16,3,1048576,49,0,769.632,1062.400,1369.312,306.912,PASS,0
mh_r1_C2_RING_SIMPLE_CH8_N2048_q16_rep4,2,4,2,sm_89,R1_EVENT_OVERLAP,NCCL,C2_RING_SIMPLE_CH8,2048,2048,2048,16,4,1048576,49,0,1035.840,1372.800,1675.744,302.944,PASS,0
mh_r1_C2_RING_SIMPLE_CH8_N2048_q16_rep4,2,4,2,sm_89,R1_EVENT_OVERLAP,NCCL,C2_RING_SIMPLE_CH8,2048,2048,2048,16,5,1048576,49,0,1125.280,1679.072,2002.368,323.296,PASS,0
mh_r1_C2_RING_SIMPLE_CH8_N2048_q16_rep4,2,4,2,sm_89,R1_EVENT_OVERLAP,NCCL,C2_RING_SIMPLE_CH8,2048,2048,2048,16,6,1048576,49,0,1359.552,2005.984,2315.104,309.120,PASS,0
mh_r1_C2_RING_SIMPLE_CH8_N2048_q16_rep4,2,4,2,sm_89,R1_EVENT_OVERLAP,NCCL,C2_RING_SIMPLE_CH8,2048,2048,2048,16,7,1048576,49,0,1650.816,2318.560,2592.800,274.240,PASS,0
mh_r1_C2_RING_SIMPLE_CH8_N2048_q16_rep4,2,4,2,sm_89,R1_EVENT_OVERLAP,NCCL,C2_RING_SIMPLE_CH8,2048,2048,2048,16,8,1048576,49,0,1914.144,2596.288,2902.464,306.176,PASS,0
mh_r1_C2_RING_SIMPLE_CH8_N2048_q16_rep4,2,4,2,sm_89,R1_EVENT_OVERLAP,NCCL,C2_RING_SIMPLE_CH8,2048,2048,2048,16,9,1048576,49,0,2031.488,2905.856,3185.504,279.648,PASS,0
mh_r1_C2_RING_SIMPLE_CH8_N2048_q16_rep4,2,4,2,sm_89,R1_EVENT_OVERLAP,NCCL,C2_RING_SIMPLE_CH8,2048,2048,2048,16,10,1048576,49,0,2336.928,3189.280,3459.552,270.272,PASS,0
mh_r1_C2_RING_SIMPLE_CH8_N2048_q16_rep4,2,4,2,sm_89,R1_EVENT_OVERLAP,NCCL,C2_RING_SIMPLE_CH8,2048,2048,2048,16,11,1048576,49,0,2644.448,3462.912,3734.464,271.552,PASS,0
mh_r1_C2_RING_SIMPLE_CH8_N2048_q16_rep4,2,4,2,sm_89,R1_EVENT_OVERLAP,NCCL,C2_RING_SIMPLE_CH8,2048,2048,2048,16,12,1048576,49,0,2923.872,3738.272,4033.760,295.488,PASS,0
mh_r1_C2_RING_SIMPLE_CH8_N2048_q16_rep4,2,4,2,sm_89,R1_EVENT_OVERLAP,NCCL,C2_RING_SIMPLE_CH8,2048,2048,2048,16,13,1048576,49,0,3230.528,4037.152,4297.536,260.384,PASS,0
mh_r1_C2_RING_SIMPLE_CH8_N2048_q16_rep4,2,4,2,sm_89,R1_EVENT_OVERLAP,NCCL,C2_RING_SIMPLE_CH8,2048,2048,2048,16,14,1048576,49,0,3514.784,4301.248,4561.344,260.096,PASS,0
mh_r1_C2_RING_SIMPLE_CH8_N2048_q16_rep4,2,4,2,sm_89,R1_EVENT_OVERLAP,NCCL,C2_RING_SIMPLE_CH8,2048,2048,2048,16,15,1048576,49,0,3810.400,4564.800,4824.512,259.712,PASS,0
